1284816
156613
251046
54544
235053
59715
55082
21025
600588
41101
19843
9124
121267
5295
5337
7130
354774
5835
6154
5981
32339
3252
2142
2386
202312
3745
3306
16660
9935
1004
1286
2298
115231
1749
1345
1149
2600
484
622
876
60136
1167
677
621
967
394
295
282
29541
640
399
604
310
203
163
123
15143
233
286
241
214
93
59
118
6887
171
115
109
86
14
25
22
3109
56
58
41
15
3
0
8
1768
59
249
359
34
10
1
3
1220
17
220
32
5
4
0
0
760
14
209
28
4
4
0
0
263
5
12
0
2
3
0
0
73
20
16
39
1
0
5
0
19
3
0
4
0
1
0
0
9
3
0
0
0
0
0
0
7
0
0
1
0
0
0
0
9
5
3
0
0
0
0
0
3
5
0
0
0
0
0
7
4
5
0
1
0
0
0
0
12
0
5
1
0
1
0
0
0
3
1
0
0
0
0
5
13
0
0
0
2
1
0
0
19
2
2
2
7
3
0
1
0
0
0
0
0
0
0
0
0
0
0
0
0
0
0
0
0
0
0
0
0
0
0
0
0
0
0
0
0
0
0
0
0
0
0
0
0
0
0
0
0
0
0
0
0
0
0
0
0
0
0
0
0
0
0
0
0
0
0
0
0
0
0
0
0
0
0
0
0
0
0
0
0
0
0
0
0
0
0
0
0
0
0
0
0
0
0
0
0
0
0
0
0
0
0
0
0
0
0
0
0
0
0
0
0
0
0
0
0
0
0
0
0
0
0
0
0
0
0
0
0
0
0
0
0
0
0
0
0
0
0
0
0
0
0
0
0
0
0
0
0
0
0
0
0
0
0
0
0
0
0
0
0
0
0
0
0
0
0
0
0
0
0
0
0
0
0
0
0
0
0
0
0
0
0
0
0
0
0
0
0
0
0
0
0
0
0
0
0
0
0
0
0
0
0
0
0
0
0
0
0
0
0
0
0
0
0
0
0
0
0
0
0
0
0
0
0
0
0
0
0
0
0
0
2
0
0
0
0
0
0
0
0
0
0
0
0
0
0
0
0
0
0
0
0
0
0
0
0
0
0
0
0
0
0
0
0
1
