1922166
346972
313651
149972
457857
65042
49678
4168
496487
32585
8387
3356
17664
1810
2469
4706
94633
3114
4766
2486
4245
2823
2005
2233
29572
2395
2187
2440
6815
2223
2126
2274
19951
8099
2262
2072
1638
1385
1502
1410
5955
2090
1009
1127
810
685
488
521
2198
602
426
503
224
355
189
108
1568
263
245
255
120
17
90
25
1829
150
203
148
14
2
15
1
1122
287
240
239
2
12
21
1
828
251
254
281
12
9
0
5
367
238
129
74
4
1
2
0
346
117
27
89
0
0
0
0
112
16
40
17
0
0
0
0
61
5
23
0
0
0
0
0
49
32
60
2
0
0
0
0
24
11
4
0
0
1
0
0
12
2
9
15
2
0
0
1
3
0
5
0
0
0
0
2
4
2
4
1
0
0
0
0
0
1
0
0
0
0
0
0
9
0
0
0
0
0
0
0
2
0
1
0
1
0
0
0
9
0
0
0
0
0
0
0
1
0
0
0
0
0
0
0
0
0
0
0
0
0
0
0
0
0
0
0
0
0
0
0
4
0
0
0
0
0
0
0
2
1
0
0
0
0
0
0
0
1
0
0
0
0
0
0
4
