803446
399054
94511
473667
589372
173168
657003
18255
555806
452498
43329
11601
388998
9339
18325
87249
356454
15379
52470
4822
63917
21192
4878
3627
188080
4268
6950
5019
16334
1912
2961
1805
104520
2649
4072
2040
5206
1262
1424
1299
58804
1554
3409
1193
2187
832
873
715
35999
980
1830
614
1090
340
464
320
20536
569
940
294
588
98
172
113
11972
338
626
145
302
62
78
67
7158
137
299
91
175
13
64
19
4176
100
160
55
101
3
67
4
2679
68
102
29
80
2
33
4
1564
38
61
11
41
4
16
2
1005
36
31
6
35
1
3
1
614
31
24
5
15
0
2
2
415
28
15
3
3
0
1
3
224
20
8
0
3
0
0
0
236
5
4
10
2
0
0
0
142
10
1
7
1
1
0
1
83
2
2
3
3
0
1
0
43
0
0
0
2
0
1
0
33
3
0
0
3
1
1
0
41
3
2
0
3
0
0
0
47
6
0
0
0
1
0
0
56
0
0
3
3
1
0
0
10
0
0
0
0
0
0
0
15
2
0
0
0
0
0
0
13
1
0
0
0
0
0
0
7
0
0
0
0
0
0
0
0
0
0
0
0
0
0
0
1
1
0
0
0
0
0
0
8
0
3
3
1
0
0
0
0
0
0
0
0
0
0
0
0
0
0
0
0
0
0
0
0
0
0
3
0
0
0
0
0
0
0
0
0
0
0
0
0
0
0
0
0
0
0
0
1
0
0
0
0
0
0
0
0
0
0
0
3
3
0
0
0
0
0
0
0
0
0
0
0
0
0
0
3
0
0
0
0
0
0
0
0
0
0
0
0
0
0
0
0
0
0
0
0
0
0
0
0
0
0
0
0
0
0
0
0
0
0
0
0
0
0
0
0
0
0
0
0
0
0
0
0
0
0
0
0
0
0
0
3
