1258237
242765
467141
142573
786007
60459
234211
17904
930247
93221
83801
16049
293519
24679
36229
25253
418093
20215
25628
10745
77276
14961
9782
8107
181750
10877
8497
8311
25225
7977
8413
6496
80615
15209
6121
5651
7228
3492
2912
3232
36610
5286
2672
3046
2537
1925
1567
1674
15889
2038
1397
1407
1075
933
1211
593
6618
710
635
653
530
287
172
164
2968
340
204
253
83
81
51
46
1450
323
141
180
38
39
15
13
631
111
92
88
9
1
3
4
310
150
49
60
0
0
0
0
191
52
51
21
0
0
4
0
95
28
30
22
0
0
1
0
86
36
6
3
2
0
0
1
43
37
6
7
1
0
0
0
24
12
1
4
0
0
0
0
10
10
0
4
0
0
0
0
24
4
0
0
1
0
0
0
11
6
0
0
0
0
0
0
9
0
0
0
0
0
1
0
7
0
0
0
0
0
0
0
9
0
0
0
0
0
0
0
6
2
0
0
0
0
0
0
13
0
0
0
0
0
0
0
0
1
0
0
0
0
0
0
7
0
0
0
0
0
0
0
0
2
0
0
0
0
0
0
0
0
0
0
0
0
0
0
0
0
0
0
0
0
0
0
0
1
0
0
0
0
0
0
0
0
0
0
0
0
0
0
0
0
0
0
0
0
0
0
0
0
0
0
0
0
0
0
0
0
0
0
0
0
0
0
0
0
0
0
0
0
0
0
0
0
0
0
0
0
0
0
0
0
0
0
0
0
0
0
1
