292499
862
6388
1636
27528
278
3352
460
133869
1005
1120
516
9633
409
550
997
94393
1432
700
337
4007
180
108
131
53531
856
189
109
2579
76
89
72
28517
741
222
501
885
17
61
33
10792
257
43
65
252
23
27
12
3894
68
53
7
64
18
2
0
1894
44
12
5
25
0
5
7
1012
13
0
0
4
0
0
0
609
33
3
0
72
2
1
0
349
21
1
0
0
1
0
1
164
0
3
0
0
0
0
0
126
0
0
0
0
2
5
0
53
0
0
0
0
0
4
2
7
0
0
0
0
0
0
0
0
0
0
0
0
0
0
0
0
0
0
0
0
0
0
0
0
0
0
0
0
0
0
0
4
0
0
0
0
0
0
0
4
0
0
0
0
0
0
0
4
0
0
0
0
0
0
0
7
0
0
0
0
0
0
0
4
1
0
0
0
0
0
0
0
0
0
0
0
0
0
0
3
0
0
0
0
0
0
0
0
0
0
0
0
0
0
0
0
0
0
0
0
0
0
0
0
0
0
0
0
0
0
0
2
