1821715
204237
664763
176598
1376219
88293
272845
42793
1614204
91338
96320
7609
219015
5443
27206
5904
856361
9018
15305
5136
57284
4295
5581
4376
468103
7077
7487
4530
14168
2889
3271
2697
262081
4805
3986
3099
5391
1606
2474
1433
137234
3626
2529
2567
1995
626
828
627
65346
2232
1546
1465
712
243
333
316
30067
1467
939
971
249
126
108
63
14719
914
680
584
60
34
37
43
7518
1208
455
424
25
24
8
19
3551
497
256
231
38
20
10
0
1825
209
155
92
7
4
6
1
1053
146
91
71
6
0
7
0
606
76
54
20
5
5
4
1
350
75
39
26
0
0
2
0
318
39
23
14
9
0
0
0
108
69
22
9
6
0
0
0
103
27
17
1
0
0
1
0
49
51
2
4
0
0
0
0
30
3
54
2
0
0
0
0
29
34
27
4
2
0
0
0
13
23
6
2
0
0
0
0
8
3
0
2
0
0
1
0
65
5
0
0
0
0
1
0
192
14
2
0
0
0
0
0
5
4
0
0
0
0
0
0
26
10
0
0
0
0
0
0
11
1
0
0
0
0
0
0
8
0
13
0
0
0
1
0
4
18
0
0
0
0
0
0
3
14
0
0
0
0
0
0
4
0
0
0
0
0
0
0
1
0
0
0
0
0
0
0
3
0
0
0
0
0
0
0
5
0
0
0
0
0
0
0
0
1
0
0
0
0
0
0
0
2
0
0
0
0
0
0
0
0
0
0
0
0
0
0
0
1
0
0
0
0
0
0
0
0
0
0
0
0
0
0
0
0
0
0
0
0
0
0
0
0
0
0
0
0
0
0
0
0
0
0
0
0
0
0
0
0
0
0
0
0
0
0
0
0
0
0
0
0
0
0
0
0
0
0
0
0
0
0
1
0
0
0
0
0
0
0
0
0
0
0
0
0
0
0
0
0
0
0
0
0
0
0
0
0
0
0
0
0
0
0
0
0
0
0
0
0
0
0
0
0
0
1
0
0
0
0
0
0
0
0
0
0
0
0
0
0
0
0
0
0
0
0
0
0
0
0
0
0
0
0
0
0
0
0
0
0
0
0
0
0
0
0
0
0
0
0
0
0
0
0
0
0
0
0
0
0
0
0
0
0
0
0
0
0
0
0
0
0
0
0
0
0
0
0
0
0
0
0
0
0
0
0
0
0
0
0
0
0
0
0
0
0
0
0
0
0
0
0
0
0
0
0
0
0
0
0
1
