2117670
456007
594598
245754
1254571
99183
344321
31954
1496132
151341
113744
22023
466228
37656
47671
29006
651474
30429
31820
15235
122463
17543
14336
10820
267516
15454
12135
11609
36655
15189
17460
8879
113995
21801
8170
8130
10026
5747
4651
5384
51035
6780
4245
4864
3957
3025
2406
2667
22124
2819
2094
2170
1594
1354
946
862
9508
1124
923
1009
556
446
348
190
4104
527
352
418
146
76
52
66
2179
454
241
333
80
45
164
18
830
151
161
139
12
6
6
4
423
151
74
84
1
0
1
0
259
96
65
35
0
0
7
0
238
44
43
24
3
0
1
0
141
39
8
5
1
0
0
1
85
40
7
9
0
0
0
0
32
14
2
3
0
0
0
0
29
8
0
1
0
0
0
0
11
0
0
0
1
0
1
0
6
6
0
0
0
0
0
0
6
0
0
0
0
0
0
0
3
0
0
0
0
0
0
0
1
0
0
0
0
0
0
0
2
2
0
0
0
0
0
0
13
0
0
0
0
0
0
0
0
1
0
0
0
0
0
0
7
0
0
0
0
0
0
0
0
2
0
0
0
0
0
0
0
0
0
0
0
0
0
0
0
0
0
0
0
0
0
0
0
1
0
0
0
0
0
0
0
0
0
0
0
0
0
0
0
0
0
0
0
0
0
0
0
0
0
0
0
0
0
0
0
0
0
0
0
0
0
0
0
0
0
0
0
0
0
0
0
0
0
0
0
0
0
0
0
0
0
0
0
0
0
0
1
