ETP-API
,2003,2003,2004,2004,2005,2005,2006,2006,2007,2007,2008,2008,2009,2009,2010,2010
2003,35,62,10,20,3,4,1,1,1,4,2,2,0,0,0,0
2004,0,0,33,68,4,11,4,9,2,3,2,2,0,0,0,0
2005,0,0,0,0,41,66,10,21,4,5,3,4,1,1,1,1
2006,0,0,0,0,0,0,61,111,7,13,1,1,0,0,2,3
2007,0,0,0,0,0,0,0,0,37,83,12,22,4,6,6,12
2008,0,0,0,0,0,0,0,0,0,0,38,74,7,12,2,4
2009,0,0,0,0,0,0,0,0,0,0,0,0,25,30,3,4
2010,0,0,0,0,0,0,0,0,0,0,0,0,0,0,16,28

    V2   V4   V6   V8  V10  V12  V14  V16
1 2003 2004 2005 2006 2007 2008 2009 2010
2   35   10    3    1    1    2    0    0
3    0   33    4    4    2    2    0    0
4    0    0   41   10    4    3    1    1
5    0    0    0   61    7    1    0    2
6    0    0    0    0   37   12    4    6
7    0    0    0    0    0   38    7    2
8    0    0    0    0    0    0   25    3
9    0    0    0    0    0    0    0   16


API=read.csv("/usr1/rbook/examples/survival/ETP/t.csv", header=FALSE)
E=seq(2, 16, by=2)
E_API=API[, E]
t(diff(t(E_API)))

2004,2005,2006,2007,2008,2009,2010,2011
25,7,2,0,0,1,0,0
29,0,2,0,2,0,0
0,31,6,1,2,0,1
0,0,54,6,1,0,2
0,0,0,25,8,0,4
0,0,0,0,31,5,3
0,0,0,0,0,22,3
0,0,0,0,0,0,16

ETP-non-API
,2003,2003,2004,2004,2005,2005,2006,2006,2007,2007,2008,2008,2009,2009,2010,2010
,E,V,E,V,E,V,E,V,E,V,E,V,E,V,E,V
2003,33,91,18,45,11,19,8,13,6,8,2,4,1,2,1,1
2004,0,0,35,77,8,24,4,9,4,13,4,15,1,2,2,3
2005,0,0,0,0,29,60,10,26,9,31,7,15,7,19,5,20
2006,0,0,0,0,0,0,25,61,10,32,3,19,2,11,5,15
2007,0,0,0,0,0,0,0,0,16,31,2,3,1,2,0,0
2008,0,0,0,0,0,0,0,0,0,0,22,42,7,15,1,3
2009,0,0,0,0,0,0,0,0,0,0,0,0,11,11,3,7
2010,0,0,0,0,0,0,0,0,0,0,0,0,0,0,10,11

2004,2005,2006,2007,2008,2009,2010,2011
46,26,6,5,4,2,1,1
0,53,15,0,0,7,0,2
0,0,34,0,11,0,0,19
0,0,0,29,13,8,0,4
0,0,0,0,28,1,2,0
0,0,0,0,0,27,12,3
0,0,0,0,0,0,4,7
0,0,0,0,0,0,0,11


ETP-APIs
0000,1.0,2.0,2.1,3.0,3.1,3.2,3.3,3.4,3.5,3.6,3.7
0000,2001,2002,2003,2004,2005,2006,2007,2008,2009,2010,2011
2003,4,19,31,27,27,27,27,27,27,27,27
2004,2,6,12,39,39,39,38,38,38,38,38
2005,0,1,2,34,41,41,41,41,41,41,41
2006,0,1,2,29,58,67,67,67,67,67,67
2007,0,0,1,13,22,41,46,46,46,46,46
2008,1,1,2,10,16,34,50,55,55,55,55
2009,0,0,0,3,5,12,30,34,35,35,35
2010,0,0,0,2,6,11,22,27,28,28,28
ETP-non-APIs
0000,1.0,2.0,2.1,3.0,3.1,3.2,3.3,3.4,3.5,3.6,3.7
0000,2001,2002,2003,2004,2005,2006,2007,2008,2009,2010,2011
2003,2,9,27,15,8,7,6,6,6,6,6
2004,1,4,10,43,28,21,21,20,19,19,19
2005,1,1,2,21,44,23,22,22,22,22,21
2006,0,0,1,7,27,40,25,21,19,18,18
2007,0,0,1,6,16,28,32,24,21,20,20
2008,0,0,0,1,7,19,27,33,30,30,28
2009,0,0,0,0,1,7,19,23,25,23,23
2010,0,0,0,1,5,7,10,18,21,19,19

E_API=read.csv("/usr1/rbook/examples/survival/ETP/t.csv", header=FALSE)
t(diff(t(E_API)))

2004,2005,2006,2007,2008,2009,2010,2011
ETP-APIs
0000,2.0,2.1,3.0,3.1,3.2,3.3,3.4,3.5,3.6,3.7
0000,2004,2005,2006,2007,2008,2009,2010,2011
2003,0,31,27,27,27,27,27,27,27,27
2004,0,0,39,39,39,38,38,38,38,38
2005,0,0,0,41,41,41,41,41,41,41
2006,0,0,0,0,67,67,67,67,67,67
2007,0,0,0,0,0,46,46,46,46,46
2008,0,0,0,0,0,0,55,55,55,55
2009,0,0,0,0,0,0,0,35,35,35
2010,0,0,0,0,0,0,0,0,28,28

2004,2005,2006,2007,2008,2009,2010,2011
4,0,0,0,0,0,0,27
0,0,0,1,0,0,0,38
0,0,0,0,0,0,0,41
0,0,0,0,0,0,0,67
0,0,0,0,0,0,0,46
0,0,0,0,0,0,0,55
0,0,0,0,0,0,0,35
0,0,0,0,0,0,0,28

non-API

E_API=read.csv("/usr1/rbook/examples/survival/ETP/t.csv", header=FALSE)
t(diff(t(E_API)))

2003,2004,2005,2006,2007,2008,2009,2010,2011
0,27,15,8,7,6,6,6,6,6
0,0,43,28,21,21,20,19,19,19
0,0,0,44,23,22,22,22,22,21
0,0,0,0,40,25,21,19,18,18
0,0,0,0,0,32,24,21,20,20
0,0,0,0,0,0,33,30,30,28
0,0,0,0,0,0,0,25,23,23
0,0,0,0,0,0,0,0,19,19


2004,2005,2006,2007,2008,2009,2010,2011
12,7,1,1,0,0,0,6
0,15,7,0,1,1,0,19
0,0,21,1,0,0,0,21
0,0,0,15,4,2,1,19
0,0,0,0,8,3,1,20
0,0,0,0,0,3,0,30
0,0,0,0,0,0,2,23
0,0,0,0,0,0,0,19

