 14.501  -90.876 
 37.620  140.280 
 -8.342  115.508 
 53.980  159.450 
 43.380  144.020 
 39.750  140.800 
 39.970  140.770 
 54.130 -165.970 
 50.858  155.550 
 -0.430  -91.120 
-16.250  168.120 
 52.500 -171.250 
-15.400  167.830 
-24.270  -67.770 
 11.580   42.470 
 10.463  -84.703 
 36.400  138.530 
 32.880  131.100 
 52.380 -174.150 
 59.370 -153.420 
 53.255  158.830 
  3.670  125.500 
 45.950 -130.000 
 -0.900  -91.420 
-35.653  -70.761 
 37.730  140.250 
 -6.140  155.195 
 -4.525  129.871 
 12.292   93.875 
 -8.242  115.375 
 31.920  139.920 
 55.978  160.587 
 53.930 -168.030 
 12.770  124.050 
-37.920  -71.450 
  4.203    9.170 
 10.412  123.132 
-40.350  -72.070 
 17.360  -93.228 
 57.130 -157.000 
 50.325  155.458 
-36.863  -71.377 
 48.980  153.480 
 46.525  150.875 
 39.080  140.030 
 44.830 -130.300 
 52.820 -169.950 
 46.520 -129.580 
 19.514 -103.620 
 -0.170  121.608 
 11.538  -85.622 
-37.850  -71.170 
-15.620 -173.670 
-62.970  -60.650 
 -4.030  103.130 
 19.077  122.202 
 -7.200  109.920 
  1.680  127.880 
-20.980  170.280 
 50.680  156.020 
 -8.808  121.180 
 48.958  153.930 
-16.680  168.370 
-77.530  167.170 
 13.600   40.670 
 37.734   15.004 
 20.530  144.900 
 -0.370  -91.550 
 14.950  -24.350 
-21.229   55.713 
 14.473  -90.880 
 21.925  143.442 
 24.280  141.520 
  0.792  -86.150 
  1.220  -77.370 
 -7.250  108.050 
  0.800  127.325 
  1.375  127.520 
 51.780 -178.800 
-14.270  167.500 
 52.558  158.030 
 52.080 -176.130 
 64.420  -17.330 
 45.020  147.870 
 -0.171  -78.598 
-53.106   73.513 
 63.980  -19.700 
-18.992 -174.775 
-45.900  -72.970 
-20.570 -175.380 
  1.475  127.642 
 -8.058  114.242 
 -8.342  123.258 
 -8.540  123.590 
  9.979  -83.852 
-20.730  -68.550 
 27.850  128.250 
 24.750  141.330 
 -8.880  121.630 
 13.813  -89.633 
 34.920  139.120 
 71.080   -8.170 
 26.122  141.102 
 51.920 -177.170 
  2.780  125.480 
 -4.649  145.964 
-11.750   43.380 
 54.050  159.430 
 -9.020  157.950 
 -8.758  121.830 
 -7.930  112.308 
 -1.814  101.264 
 12.300  -61.630 
 30.780  130.280 
 19.425 -155.292 
 31.930  130.870 
 52.100  177.600 
 56.057  160.638 
 46.042  150.050 
 42.070  140.680 
 65.730  -16.780 
 -6.102  105.423 
 30.430  130.220 
 33.080  131.250 
 56.020 -159.800 
 36.620  138.550 
-16.829  168.536 
 64.650  -16.720 
 28.580  -17.830 
 -5.525  148.420 
-23.370  -67.730 
 -2.751   35.902 
 -8.530  122.775 
-38.692  -71.729 
 18.920 -155.270 
  1.358  124.792 
 -5.358  147.120 
-38.377  -71.580 
-16.507  168.346 
-28.980 -140.250 
  1.358  124.858 
  0.320  127.400 
 53.900 -166.930 
 -4.100  145.061 
 -0.381  100.473 
  0.330  -90.470 
-46.900   37.750 
 11.984  -86.161 
 19.475 -155.608 
 13.257  123.685 
-53.030   72.600 
 45.380  148.830 
 -7.542  110.442 
-19.180 -174.870 
 23.507  141.905 
 34.080  139.530 
-25.887 -177.188 
 -0.830  -91.170 
 12.506  -86.702 
 36.920  138.030 
 -6.730  129.500 
 27.243  140.877 
-15.600 -175.630 
 42.670 -126.780 
 -1.408   29.200 
 -1.520   29.250 
-38.120  176.500 
 53.420 -168.130 
 35.900  137.480 
 34.730  139.380 
 14.381  -90.601 
 18.130  145.800 
 -8.320  121.708 
 55.420 -161.900 
  4.914   96.329 
 15.130  120.350 
-35.240  -70.570 
 10.200  -84.233 
 19.023  -98.622 
  2.320  -76.400 
-22.570  -67.870 
 -4.271  152.203 
 -8.620  120.520 
-29.270 -177.920 
 -8.125  114.042 
 60.480 -152.750 
 -0.078  -77.656 
 63.670  -23.330 
 10.830  -85.324 
 -8.420  116.470 
 -5.520  148.121 
-39.280  175.570 
 15.620  145.570 
  4.895  -75.322 
-35.745  178.478 
-15.780  -71.850 
 31.580  130.670 
 12.702  -87.004 
 13.431  -88.272 
 -2.030  -78.330 
 -8.180  119.058 
 14.756  -91.552 
 48.092  153.200 
 52.320 -172.520 
 -8.108  112.920 
 51.950  179.620 
 42.700  141.330 
 54.750 -163.970 
 56.653  161.360 
 -8.510  124.148 
 -7.242  109.208 
 18.780 -110.950 
  1.108  124.725 
  0.686   99.539 
 16.050  -61.670 
 16.720  -62.180 
 13.330  -61.180 
 61.300 -152.250 
 46.200 -122.180 
 38.789   15.213 
 -7.300  109.992 
 20.130  145.100 
-13.800  167.470 
 29.530  129.720 
 14.002  120.993 
 15.130  -92.112 
 -0.978  100.679 
 -8.250  118.000 
 -6.770  107.600 
 12.602  -86.845 
 -7.942  112.950 
 38.730  -27.320 
-59.450  -27.370 
 44.358  146.270 
-10.380  165.800 
 43.420  142.680 
 55.830  160.330 
-39.130  175.642 
 30.480  140.320 
 58.230 -155.080 
 -1.467  -78.442 
-33.400  -69.800 
-16.355  -70.903 
 57.830 -156.520 
 -5.050  151.330 
-17.436 -113.206 
 46.470  151.280 
-25.780  168.630 
  9.820 -104.300 
 -3.030  147.780 
-20.850 -175.530 
 32.750  130.300 
 42.530  140.830 
 56.170 -159.380 
 63.430  -20.280 
-49.358  -73.280 
-39.420  -71.930 
 54.520 -164.650 
-37.520  177.180 
  0.020  -91.350 
 36.220  137.580 
-19.520  169.425 
 51.570  157.323 
