     Mars      1584 11 23.55972 04 17 20.65 +15 54 00.0         x            035
     Mars      1584 11 37.09375 16 25 09.09 +14 41 60.0         x            035
     Mars      1585 01 24.69444 01 05 33.49 +16 26 60.0         x            035
     Mars      1585 01 32.62153 03 22 15.23 +17 31 12.0         x            035
     Mars      1585 02 13.90486 07 21 53.62 +19 01 12.0         x            035
     Mars      1585 02 13.90208 07 25 54.28 +19 03 00.0         x            035
     Mars      1585 02 13.76042 10 50 27.93 +19 01 48.0         x            035
     Mars      1585 02 14.88472 07 54 53.96 +19 09 36.0         x            035
     Mars      1585 02 14.84444 08 53 03.53 +19 07 48.0         x            035
     Mars      1585 02 14.77778 10 29 19.36 +19 09 36.0         x            035
     Mars      1585 02 27.90625 08 14 51.02 +20 21 36.0         x            035
     Mars      1585 02 27.89583 08 29 53.49 +20 21 36.0         x            035
     Mars      1585 02 27.90972 08 09 50.20 +20 21 36.0         x            035
     Mars      1585 03 22.88889 20 19 44.53 +20 33 00.0         x            035
     Mars      1585 03 26.82639 22 05 41.59 +20 22 48.0         x            035
     Mars      1585 03 29.84375 21 52 24.13 +20 05 24.0         x            035
     Mars      1585 03 36.84722 22 14 52.17 +19 43 48.0         x            035
     Mars      1585 04 25.90833 08 02 50.71 +17 38 24.0         x            035
     Mars      1585 04 25.90972 08 00 50.38 +17 38 60.0         x            035
     Mars      1585 04 36.90972 08 44 01.46 +16 08 24.0         x            035
     Mars      1585 05 17.97535 17 54 05.51 +14 22 48.0         x            035
     Mars      1585 05 17.88889 19 58 56.05 +14 22 12.0         x            035
     Mars      1585 05 17.96875 18 03 37.08 +14 22 48.0         x            035
     Mars      1585 05 27.97917 18 27 50.14 +12 38 24.0         x            035
     Mars      1585 05 28.94444 19 21 53.94 +12 26 60.0         x            035
     Mars      1586 09 33.71667 01 01 00.08 +18 05 24.0         x            035
     Mars      1586 09 34.66319 02 22 08.35 +17 56 24.0         x            035
     Mars      1586 10 20.10556 02 51 47.72 +15 03 36.0         x            035
     Mars      1586 10 20.10556 02 51 47.72 +15 03 36.0         x            035
     Mars      1586 10 20.75972 11 07 12.82 +13 00 36.0         x            035
     Mars      1586 10 20.75972 11 07 12.82 +13 00 36.0         x            035
     Mars      1586 10 34.77431 11 41 07.10 +12 39 36.0         x            035
     Mars      1586 10 35.71597 13 09 16.50 +12 29 24.0         x            035
     Mars      1586 10 35.71944 13 04 15.68 +12 29 24.0         x            035
     Mars      1586 10 35.73056 12 48 13.04 +12 29 24.0         x            035
     Mars      1586 11 11.71250 23 39 28.21 +11 03 00.0         x            035
     Mars      1586 11 12.69873 00 03 17.03 +11 03 00.0         x            035
     Mars      1586 11 18.77361 22 38 42.56 +10 04 48.0         x            035
     Mars      1586 11 20.80556 22 00 26.07 +09 32 24.0         x            035
     Mars      1586 11 20.81146 21 51 54.67 +09 33 00.0         x            035
     Mars      1586 11 21.68044 01 05 01.35 +09 25 48.0         x            035
     Mars      1586 11 21.79635 22 17 38.81 +09 25 12.0         x            035
     Mars      1586 11 33.76042 23 56 38.98 +07 19 48.0         x            035
     Mars      1586 11 33.80833 22 47 27.59 +07 19 48.0         x            035
     Mars      1586 11 33.80833 22 47 27.59 +07 19 48.0         x            035
     Mars      1586 12 11.81632 09 08 58.68 +06 02 24.0         x            035
     Mars      1586 12 11.81632 09 08 58.68 +06 02 24.0         x            035
     Mars      1586 12 26.75278 11 39 37.07 +03 53 24.0         x            035
     Mars      1586 12 26.75278 11 39 37.07 +03 53 60.0         x            035
     Mars      1586 12 37.67222 14 19 07.29 +02 40 12.0         x            035
     Mars      1586 12 37.67222 14 19 07.29 +02 40 12.0         x            035
     Mars      1586 12 37.79363 11 23 48.45 +02 38 60.0         x            035
     Mars      1586 12 37.65972 14 37 10.25 +02 39 36.0         x            035
     Mars      1586 12 37.66667 14 27 08.60 +02 39 36.0         x            035
     Mars      1587 01 11.79722 21 35 57.36 +02 11 24.0         x            035
     Mars      1587 01 11.79722 21 35 57.36 +02 12 36.0         x            035
     Mars      1587 01 19.77493 22 39 33.08 +01 39 36.0         x            035
     Mars      1587 01 19.77493 22 39 33.08 +01 39 36.0         x            035
     Mars      1587 01 20.71875 00 04 35.98 +01 34 48.0         x            035
     Mars      1587 01 21.78333 22 35 16.19 +01 31 12.0         x            035
     Mars      1587 01 21.78333 22 35 16.19 +01 31 12.0         x            035
     Mars      1587 01 24.82257 21 50 23.53 +01 25 48.0         x            035
     Mars      1587 01 24.82257 21 50 23.53 +01 25 48.0         x            035
     Mars      1587 01 24.83333 21 34 50.97 +01 25 48.0         x            035
     Mars      1587 01 24.83333 21 34 50.97 +01 25 48.0         x            035
     Mars      1587 01 25.69792 00 54 18.69 +01 23 24.0         x            035
     Mars      1587 01 25.69792 00 54 18.69 +01 22 48.0         x            035
     Mars      1587 01 26.70208 00 52 13.25 +01 21 00.0         x            035
     Mars      1587 01 36.68611 01 54 32.57 +01 16 48.0         x            035
     Mars      1587 01 36.68611 01 54 32.57 +01 16 12.0         x            035
     Mars      1587 01 36.75556 00 14 16.07 +01 16 48.0         x            035
     Mars      1587 01 36.75556 00 14 16.07 +01 16 12.0         x            035
     Mars      1587 01 38.68403 02 05 24.18 +01 19 12.0         x            035
     Mars      1587 01 38.68403 02 05 24.18 +01 18 36.0         x            035
     Mars      1587 01 38.71528 01 20 16.74 +01 19 12.0         x            035
     Mars      1587 01 39.71713 01 21 31.86 +01 21 36.0         x            035
     Mars      1587 01 39.75972 00 20 01.74 +01 21 36.0         x            035
     Mars      1587 02 19.75000 11 14 57.14 +01 39 36.0         x            035
     Mars      1587 02 19.80556 09 54 43.94 +01 39 36.0         x            035
     Mars      1587 02 20.71250 12 13 01.61 +01 34 48.0         x            035
     Mars      1587 02 20.72014 12 01 59.79 +01 34 48.0         x            035
     Mars      1587 02 24.79444 10 30 24.35 +01 25 48.0         x            035
     Mars      1587 02 24.66111 13 42 55.52 +01 23 24.0         x            035
     Mars      1587 02 24.69792 12 49 46.77 +01 23 24.0         x            035
     Mars      1587 02 25.66458 13 41 50.25 +01 21 00.0         x            035
     Mars      1587 02 31.87500 09 01 34.07 +03 13 12.0         x            035
     Mars      1587 02 31.93194 07 39 20.55 +03 13 48.0         x            035
     Mars      1587 02 31.93194 07 39 20.55 +03 14 24.0         x            035
     Mars      1587 02 33.86458 09 24 27.66 +03 29 24.0         x            035
     Mars      1587 02 33.07639 04 22 34.40 +03 33 36.0         x            035
     Mars      1587 02 37.68264 14 02 53.09 +04 01 12.0         x            035
     Mars      1587 02 37.68264 14 02 53.09 +04 01 12.0         x            035
     Mars      1587 02 37.82986 10 30 18.12 +04 05 24.0         x            035
     Mars      1587 03 13.06250 15 23 33.80 +04 29 24.0         x            035
     Mars      1587 03 13.06250 15 23 33.80 +04 29 24.0         x            035
     Mars      1587 03 13.71250 23 44 59.89 +04 32 60.0         x            035
     Mars      1587 03 13.71597 23 39 59.05 +04 32 60.0         x            035
     Mars      1587 03 13.81493 21 17 05.56 +04 37 48.0         x            035
     Mars      1587 03 13.81875 21 11 34.64 +04 37 48.0         x            035
     Mars      1587 03 13.82500 21 02 33.15 +04 37 48.0         x            035
     Mars      1587 03 13.83472 20 48 30.85 +04 39 36.0         x            035
     Mars      1587 03 13.84931 20 27 27.38 +04 37 12.0         x            035
     Mars      1587 03 13.89931 19 15 15.51 +04 37 48.0         x            035
     Mars      1587 03 14.80694 21 32 33.00 +04 37 48.0         x            035
     Mars      1587 03 14.80972 21 28 32.34 +04 47 60.0         x            035
     Mars      1587 03 14.82118 21 11 59.62 +04 47 60.0         x            035
     Mars      1587 03 14.82118 21 11 59.62 +04 47 60.0         x            035
     Mars      1587 03 14.96458 17 44 55.56 +04 46 12.0         x            035
     Mars      1587 03 14.04028 15 59 34.63 +04 45 36.0         x            035
     Mars      1587 03 14.07222 15 13 27.04 +04 45 36.0         x            035
     Mars      1587 03 14.79653 21 47 35.47 +04 55 48.0         x            035
     Mars      1587 03 17.92477 18 54 11.71 +05 35 24.0         x            035
     Mars      1587 03 19.88958 19 52 51.13 +05 25 48.0         x            035
     Mars      1587 03 19.88958 19 52 51.13 +05 25 48.0         x            035
     Mars      1587 03 19.90486 19 30 47.51 +05 25 48.0         x            035
     Mars      1587 03 19.90486 19 30 47.51 +05 25 48.0         x            035
     Mars      1587 03 19.97222 17 53 31.50 +05 25 48.0         x            035
     Mars      1587 03 20.78056 22 34 12.59 +05 35 60.0         x            035
     Mars      1587 03 20.79861 22 08 08.29 +05 34 48.0         x            035
     Mars      1587 03 22.87569 20 24 41.08 +05 49 48.0         x            035
     Mars      1587 03 22.89097 20 02 37.46 +05 50 60.0         x            035
     Mars      1587 03 22.89097 20 02 37.46 +05 50 60.0         x            035
     Mars      1587 03 27.92917 19 27 06.15 +06 25 12.0         x            035
     Mars      1587 03 27.94653 19 02 02.02 +06 25 12.0         x            035
     Mars      1587 03 27.94653 19 02 02.02 +06 25 12.0         x            035
     Mars      1587 03 37.89653 20 53 29.43 +07 18 36.0         x            035
     Mars      1587 03 37.90556 20 40 27.28 +07 18 36.0         x            035
     Mars      1587 04 11.87569 07 40 54.15 +07 34 48.0         x            035
     Mars      1587 04 11.88681 07 24 51.51 +07 34 48.0         x            035
     Mars      1587 04 11.90417 06 59 47.39 +07 34 48.0         x            035
     Mars      1587 04 15.85856 08 21 20.43 +07 40 48.0         x            035
     Mars      1587 04 23.87431 08 30 01.12 +07 39 36.0         x            035
     Mars      1587 04 31.89306 08 34 21.08 +07 16 48.0         x            035
     Mars      1587 04 31.90556 08 16 18.11 +07 16 48.0         x            035
     Mars      1588 12 41.99306 06 37 25.20 +03 15 00.0         x            035
