#Posn sigma 3
     Mars      1584 11 23.55972 17 42 41.44 +15 54 00.0 Daylit  !            035
     Mars      1584 12 07.09375 07 25 16.56 +14 42 00.0         x            035
     Mars      1585 01 24.69444 21 02 02.62 +16 27 00.0         x            035
     Mars      1585 02 01.62153 19 48 25.76 +17 31 12.0 Daylit  !            035
     Mars      1585 02 13.76042 09 58 07.52 +19 01 48.0         x            035
     Mars      1585 02 13.90208 13 22 41.17 +19 03 00.0         x            035
     Mars      1585 02 13.90486 13 26 41.83 +19 01 12.0         x            035
     Mars      1585 02 14.77778 10 27 09.20 +19 09 36.0         x            035
     Mars      1585 02 14.84444 12 03 25.03 +19 07 48.0         x            035
     Mars      1585 02 14.88472 13 01 34.60 +19 09 36.0         x            035
     Mars      1585 02 27.89583 14 09 05.51 +20 21 36.0         x            035
     Mars      1585 02 27.90625 14 24 07.98 +20 21 36.0         x            035
     Mars      1585 02 27.90972 14 29 08.80 +20 21 36.0         x            035
     Mars      1585 03 22.88889 01 39 39.37 +20 33 00.0 Horizon !            035
     Mars      1585 03 26.82639 00 25 14.75 +20 22 48.0 Horizon !            035
     Mars      1585 03 29.84375 01 02 11.54 +20 05 24.0 Horizon !            035
     Mars      1585 04 05.84722 01 34 55.28 +19 43 48.0 Horizon !            035
     Mars      1585 04 25.90833 14 20 02.97 +17 38 24.0         x            035
     Mars      1585 04 25.90972 14 22 03.30 +17 39 00.0         x            035
     Mars      1585 05 06.90972 15 05 36.44 +16 08 24.0         x            035
     Mars      1585 05 17.88889 01 20 43.19 +14 22 12.0 Horizon !            035
     Mars      1585 05 17.96875 03 16 02.17 +14 22 48.0 Horizon !            035
     Mars      1585 05 17.97535 03 25 33.74 +14 22 48.0 Horizon !            035
     Mars      1585 05 27.97917 04 10 40.22 +12 38 24.0 Horizon !            035
     Mars      1585 05 28.94444 03 24 29.52 +12 27 00.0 Horizon !            035
     Mars      1586 10 03.71667 22 22 16.16 +18 05 24.0         x            035
     Mars      1586 10 04.66319 21 09 01.01 +17 56 24.0 Daylit  !            035
     Mars      1586 10 20.10556 18 48 48.54 +15 03 36.0 Horizont!            035
     Mars      1586 10 20.75972 10 33 23.44 +13 00 36.0 Horizont!            035
     Mars      1586 11 03.77431 11 49 52.71 +12 39 36.0 Horizon !            035
     Mars      1586 11 04.71597 10 29 36.42 +12 29 24.0 Horizon !            035
     Mars      1586 11 04.71944 10 34 37.24 +12 29 24.0 Horizon !            035
     Mars      1586 11 04.73056 10 50 39.88 +12 29 24.0 Horizon !            035
     Mars      1586 11 11.71250 20 50 00.51 +11 03 00.0         x            035
     Mars      1586 11 12.69873 20 34 04.80 +11 03 00.0         x            035
     Mars      1586 11 18.77361 22 45 57.93 +10 04 48.0         x            035
     Mars      1586 11 20.80556 23 40 00.64 +09 32 24.0         x            035
     Mars      1586 11 20.81146 23 48 32.04 +09 33 00.0         x            035
     Mars      1586 11 21.68044 20 43 18.47 +09 25 48.0         x            035
     Mars      1586 11 21.79635 23 30 41.01 +09 25 12.0         x            035
     Mars      1586 12 03.76042 23 26 18.17 +07 19 48.0         x            035
     Mars      1586 12 03.80833 00 35 29.55 +07 19 48.0 Duplicatx            035
     Mars      1586 12 11.81632 11 20 20.48 +06 02 24.0 Horizont!            035
     Mars      1586 12 26.75278 10 47 58.75 +03 53 24.0 Duplicat!            035
     Mars      1586 12 26.75278 10 47 58.75 +03 54 00.0 Duplicat!            035
     Mars      1587 01 06.65972 09 17 09.79 +02 39 36.0 Horizon !            035
     Mars      1587 01 06.66667 09 27 11.44 +02 39 36.0 Horizon !            035
     Mars      1587 01 06.67222 09 35 12.76 +02 40 12.0 Horizont!            035
     Mars      1587 01 06.79363 12 30 31.60 +02 39 00.0 Horizon !            035
     Mars      1587 01 11.79722 22 53 12.26 +02 11 24.0 Duplicat!            035
     Mars      1587 01 11.79722 22 53 12.26 +02 12 36.0 Duplicat!            035
     Mars      1587 01 19.77493 22 52 41.42 +01 39 36.0 Duplicatx            035
     Mars      1587 01 20.71875 21 35 31.64 +01 34 48.0         x            035
     Mars      1587 01 21.78333 23 12 44.53 +01 31 12.0 Duplicatx            035
     Mars      1587 01 24.82257 00 21 16.53 +01 25 48.0 Duplicatx            035
     Mars      1587 01 24.83333 00 36 49.08 +01 25 48.0 Duplicatx            035
     Mars      1587 01 25.69792 21 25 14.48 +01 23 24.0 Duplicat!            035
     Mars      1587 01 25.69792 21 25 14.48 +01 22 48.0 Duplicat!            035
     Mars      1587 01 26.70208 21 35 13.02 +01 21 00.0         x            035
     Mars      1587 02 05.68611 21 51 44.81 +01 16 48.0 Duplicat!            035
     Mars      1587 02 05.68611 21 51 44.81 +01 16 12.0 Duplicat!            035
     Mars      1587 02 05.75556 23 32 01.31 +01 16 48.0 Duplicat!            035
     Mars      1587 02 05.75556 23 32 01.31 +01 16 12.0 Duplicat!            035
     Mars      1587 02 07.68403 21 56 39.43 +01 19 12.0 Duplicat!            035
     Mars      1587 02 07.68403 21 56 39.43 +01 18 36.0 Duplicat!            035
     Mars      1587 02 07.71528 22 41 46.86 +01 19 12.0         x            035
     Mars      1587 02 08.71713 22 48 24.85 +01 21 36.0         x            035
     Mars      1587 02 08.75972 23 49 54.97 +01 21 36.0         x            035
     Mars      1587 02 19.75000 10 17 07.81 +01 39 36.0         x            035
     Mars      1587 02 19.80556 11 37 21.01 +01 39 36.0         x            035
     Mars      1587 02 20.71250 09 26 56.46 +01 34 48.0         x            035
     Mars      1587 02 20.72014 09 37 58.28 +01 34 48.0         x            035
     Mars      1587 02 24.66111 08 28 34.99 +01 23 24.0 Daylit  !            035
     Mars      1587 02 24.69792 09 21 43.73 +01 23 24.0         x            035
     Mars      1587 02 24.79444 11 41 06.16 +01 25 48.0         x            035
     Mars      1587 02 25.66458 08 37 33.36 +01 21 00.0 Daylit  !            035
     Mars      1587 03 03.87500 14 05 08.21 +03 13 12.0         x            035
     Mars      1587 03 03.93194 15 27 21.73 +03 13 48.0 Duplicat!            035
     Mars      1587 03 03.93194 15 27 21.73 +03 14 24.0 Duplicat!            035
     Mars      1587 03 05.07639 18 59 54.11 +03 33 36.0         x            035
     Mars      1587 03 05.86458 13 58 00.84 +03 29 24.0         x            035
     Mars      1587 03 09.68264 09 51 07.85 +04 01 12.0 Daylitat!            035
     Mars      1587 03 09.82986 13 23 42.83 +04 05 24.0         x            035
     Mars      1587 03 13.06250 05 21 02.94 +04 29 24.0 Horizont!            035
     Mars      1587 03 13.71250 20 59 36.85 +04 33 00.0 Horizon !            035
     Mars      1587 03 13.71597 21 04 37.69 +04 33 00.0 Horizon !            035
     Mars      1587 03 13.81493 23 27 31.18 +04 37 48.0 Horizon !            035
     Mars      1587 03 13.81875 23 33 02.10 +04 37 48.0 Horizon !            035
     Mars      1587 03 13.82500 23 42 03.59 +04 37 48.0 Horizon !            035
     Mars      1587 03 13.83472 23 56 05.89 +04 39 36.0 Horizon !            035
     Mars      1587 03 13.84931 00 17 09.36 +04 37 12.0 Horizon !            035
     Mars      1587 03 13.89931 01 29 21.23 +04 37 48.0 Horizon !            035
     Mars      1587 03 14.04028 04 52 55.22 +04 45 36.0 Horizon !            035
     Mars      1587 03 14.07222 05 39 02.81 +04 45 36.0 Horizon !            035
     Mars      1587 03 14.79653 23 04 54.38 +04 55 48.0 Horizon !            035
     Mars      1587 03 14.80694 23 19 56.85 +04 37 48.0 Horizon !            035
     Mars      1587 03 14.80972 23 23 57.51 +04 48 00.0 Horizon !            035
     Mars      1587 03 14.82118 23 40 30.23 +04 48 00.0 Horizont!            035
     Mars      1587 03 14.96458 03 07 34.29 +04 46 12.0 Horizon !            035
     Mars      1587 03 17.92477 02 21 57.47 +05 35 24.0 Horizon !            035
     Mars      1587 03 19.88958 01 39 04.27 +05 25 48.0 Horizont!            035
     Mars      1587 03 19.90486 02 01 07.90 +05 25 48.0 Horizont!            035
     Mars      1587 03 19.97222 03 38 23.90 +05 25 48.0 Horizon !            035
     Mars      1587 03 20.78056 23 05 35.93 +05 36 00.0 Horizon !            035
     Mars      1587 03 20.79861 23 31 40.22 +05 34 48.0 Horizon !            035
     Mars      1587 03 22.87569 01 30 53.65 +05 49 48.0 Horizon !            035
     Mars      1587 03 22.89097 01 52 57.28 +05 51 00.0 Horizont!            035
     Mars      1587 03 27.92917 03 07 54.14 +06 25 12.0 Horizon !            035
     Mars      1587 03 27.94653 03 32 58.27 +06 25 12.0 Horizont!            035
     Mars      1587 04 06.89653 03 00 21.97 +07 18 36.0 Horizon !            035
     Mars      1587 04 06.90556 03 13 24.12 +07 18 36.0 Horizon !            035
     Mars      1587 04 11.87569 12 47 46.82 +07 34 48.0         x            035
     Mars      1587 04 11.88681 13 03 49.46 +07 34 48.0         x            035
     Mars      1587 04 11.90417 13 28 53.58 +07 34 48.0         x            035
     Mars      1587 04 15.85856 12 38 52.98 +07 40 48.0         x            035
     Mars      1587 04 23.87431 13 33 17.18 +07 39 36.0         x            035
     Mars      1587 05 01.89306 14 32 02.10 +07 16 48.0         x            035
     Mars      1587 05 01.90556 14 50 05.08 +07 16 48.0         x            035
     Mars      1589 01 10.99306 17 44 38.13 +03 15 00.0 Horizon !            035
