INSPID ROUND REVID  TREAT R_NCSL R_TRUEDEF R_SOFTMAINT R_FALSEPOS  R_SUPPRESSED R_PREPTIME
     1     1     A  1sX4p    261         3           2          0            2  1.0833333
     1     1     B  1sX4p    261         0           5          1            3  2.0000000
     1     1     D  1sX4p    261         0           2          0            0  1.3333333
     1     1     F  1sX4p    261         8           3          2           10  1.1666667
     2     1     E 2sX1pN    231         2           5          0            3  3.0000000
     2     2     F 2sX1pN    231         1          11          4           13  1.5000000
     3     1     A  1sX4p    135         0           0          0            0  0.0000000
     3     1     B  1sX4p    135         0           3          1            1  1.5833333
     3     1     E  1sX4p    135         0           7          0            0  0.8333333
     3     1     G  1sX4p    135         0           1          0            1  0.5000000
     4     1     E 2sX1pN    623         2           5          2            0  3.1666667
     4     2     B 2sX1pN    623         9          17         10            4  3.2500000
     5     1     C 2sX1pR    590         3           2          1            8  1.2833333
     5     2     A 2sX1pR    606         0           6          3            0  1.7500000
     6     1     A  1sX4p    177         2           2          0            5  0.4166667
     6     1     C  1sX4p    177         2           1          1           16  0.4833333
     6     1     D  1sX4p    177         2           4          0            2  0.3333333
     6     1     F  1sX4p    177         4           4          0            3  0.3000000
     7     1     D 2sX1pR    254         4          11          0            1  1.7500000
     7     2     F 2sX1pR    247         3           7          5            1  0.5000000
     8     1     D 2sX2pN    279         5           7          0            4  1.5000000
     8     1     G 2sX2pN    279         2           4          1            0  1.5000000
     8     2     E 2sX2pN    279         3           1          1            1  1.5000000
     8     2     F 2sX2pN    279         7           2          1            1  0.5000000
     9     1     D  1sX2p    212         4           4          0            7  0.5000000
     9     1     L  1sX2p    212         1           1          0            0  0.8333333
    10     1     C 2sX1pR    395         0           7          0            1  0.8500000
    10     2     G 2sX1pR    363         0          11          3            7  1.2500000
    11     1     C  1sX1p    130         2           4          2            0  1.1666667
    12     1     I  1sX4p     79         0           0          0            1  0.6666667
    12     1     J  1sX4p     79         0           0          0            1  0.5833333
    12     1     F  1sX4p     79         0           4          1            2  0.7500000
    12     1     G  1sX4p     79         0           0          0            4  0.1666667
    13     1     E 2sX1pN    265         0           6          2            1  0.6666667
    13     2     G 2sX1pN    265         1           1          2            1  0.7500000
    14     1     H  1sX4p    350         0           1          2            1  1.5000000
    14     1     I  1sX4p    350         1           2          1            0  0.5000000
    14     1     J  1sX4p    350         0           2          2           10  1.0666667
    14     1     F  1sX4p    350         1           4          4           10  1.0000000
    15     1     J 2sX2pN    400         0           3          3            0  0.5833333
    15     1     G 2sX2pN    400         0           1          0            2  0.7500000
    15     2     A 2sX2pN    400         1           7          0            9  1.2500000
    15     2     I 2sX2pN    400         0           1          0            1  0.3333333
    16     1     C  1sX2p    450         1           9          4            4  1.3333333
    16     1     D  1sX2p    450         0          11          0            0  1.6666667
    17     1     P  1sX2p    223         2           0          0            1  0.5000000
    17     1     Q  1sX2p    223         5           3          1            7  1.2500000
    18     1     A 2sX1pN    192         0           0          2            1  0.5833333
    18     2     E 2sX1pN    192         0           5          1            1  1.0000000
    19     1     F 2sX1pN    320         5           4          2            1  0.7500000
    19     2     G 2sX1pN    320         0           1          2            6  0.5000000
    20     1     B  1sX4p    220         2          11          1            3  1.6166667
    20     1     D  1sX4p    220         1          12          0            0  0.6666667
    20     1     F  1sX4p    220         1           2          0            0  0.2500000
    20     1     G  1sX4p    220         0           5          0            1  0.5000000
    21     1     E 2sX2pR    296         2           8          0            3  2.0000000
    21     1     G 2sX2pR    296         4           6          2            8  1.5000000
    21     2     D 2sX2pR    415         2          13          2            3  1.7500000
    21     2     F 2sX2pR    415         8           9          5           14  1.0000000
    22     1     C  1sX2p    889         7           9          7            9  3.1833333
    22     1     E  1sX2p    889         1           2          1            3  2.0000000
    23     1     C  1sX2p    967         2          13          2            9  1.3333333
    23     1     E  1sX2p    967         0          10          0            2  1.5000000
    24     1     D  1sX2p    763         1          19          4            4  2.3333333
    24     1     E  1sX2p    763         0          12          0            2  3.7500000
    25     1     H 2sX2pN   1030         0           1          0            1  1.0000000
    25     1     D 2sX2pN   1030         2           2          0            0  1.2666667
    25     2     I 2sX2pN   1030         4           0          2            3  0.5333333
    25     2     F 2sX2pN   1030         0           1          0            1  0.5000000
    26     1     K  1sX4p    199         0           5          0            5  2.0000000
    26     1     B  1sX4p    199         1          10          1            2  1.5000000
    26     1     E  1sX4p    199         1           2          2            2  2.1500000
    26     1     F  1sX4p    199         4          13          1            3  1.5000000
    27     1     J  1sX2p    440         0           0          4            5  2.5000000
    27     1     F  1sX2p    440         3           4          2            1  0.3333333
    28     1     I  1sX4p    364         1           1          1            0  0.4166667
    28     1     B  1sX4p    364         2           3          3            2  0.6666667
    28     1     C  1sX4p    364         1           1          6            5  0.4833333
    28     1     E  1sX4p    364         0           1          2            1  0.8833333
    29     1     K 2sX1pN    118         0           6          1            0  0.5000000
    29     2     I 2sX1pN    118         0           2          0            0  0.5000000
    30     1     C 2sX2pN    321         0           9          4            7  0.7666667
    30     1     E 2sX2pN    321         0           2          0            1  1.3666667
    30     2     F 2sX2pN    321         2           7          8           10  0.7500000
    30     2     G 2sX2pN    321         1           5          1            2  0.5000000
    31     1     B 2sX1pN    906         7          20          3            4  2.8333333
    31     2     G 2sX1pN    906         1           3          5            5  1.2500000
    32     1     H 2sX2pN    623         0           0          0            0  1.0000000
    32     1     K 2sX2pN    623         0           0          5            1  1.2500000
    32     2     I 2sX2pN    623         0           1          1            0  0.1833333
    32     2     D 2sX2pN    623         1           0          1            1  1.0000000
    33     1     D 2sX1pN    566         2          15          4            6  1.3333333
    33     2     F 2sX1pN    566         3           4          4            7  1.0000000
    34     1     C  1sX2p    458         1           3          2            5  0.9166667
    34     1     E  1sX2p    458         1           2          1            0  1.3000000
    35     1     A  1sX4p    165         0           6          1            2  0.9666667
    35     1     I  1sX4p    165         0           0          0            0  0.0000000
    35     1     F  1sX4p    165         0           9          2            4  0.5000000
    35     1     G  1sX4p    165         0           3          0            2  0.5000000
    36     1     C  1sX2p     89         0           1          0            2  0.2833333
    36     1     G  1sX2p     89         0           0          0            1  0.3333333
    37     1     Q  1sX4p    361         1           3          2            0  0.5000000
    37     1     H  1sX4p    361         2           2          0            5  1.5000000
    37     1     K  1sX4p    361         1           5          0           11  6.0000000
    37     1     B  1sX4p    361         0           6          1            0  1.0833333
    38     1     I  1sX2p    379         1           4          0            0  0.5833333
    38     1     G  1sX2p    379         2           8          0            1  0.7500000
    39     1     C 2sX1pN    428         2           5          0            3  2.0833333
    39     2     E 2sX1pN    428         2           2          1            4  0.9166667
    40     1     I 2sX2pN    230         0           4          0            2  0.3333333
    40     1     C 2sX2pN    230         0           1          1            0  1.5166667
    40     2     H 2sX2pN    230         0           1          1            1  1.0000000
    40     2     J 2sX2pN    230         0           2          1           10  1.5000000
    41     1     D 2sX1pN    245         2           6          0            0  0.3333333
    41     2     G 2sX1pN    245         1           2          1            0  0.3333333
    42     1     B 2sX2pN    363         2           4          1            3  0.5000000
    42     1     E 2sX2pN    363         0           2          1            2  1.2500000
    42     2     D 2sX2pN    363         1           5          4            0  0.8666667
    42     2     G 2sX2pN    363         0           0          2            1  0.4166667
    43     1     H  1sX2p    291         0           5          1            4  2.0000000
    43     1     B  1sX2p    291         1           8          0            5  1.3333333
    44     1     J 2sX2pN    267         1           3          0            2  0.2500000
    44     1     G 2sX2pN    267         1           1          1            0  0.2500000
    44     2     K 2sX2pN    267         1           2          2            4  1.5000000
    44     2     E 2sX2pN    267         1           1          1            0  0.5000000
    45     1     I 2sX1pN    231         1           0          2            0  0.4500000
    45     2     K 2sX1pN    231         0           0          1            0  1.4000000
    46     1     H  1sX4p    250         0           1          0            0  1.0000000
    46     1     I  1sX4p    250         1           3          2            0  0.3333333
    46     1     C  1sX4p    250         0           1          0            2  0.9166667
    46     1     E  1sX4p    250         0           3          1            0  0.6666667
    47     1     H 2sX2pN    200         1           0          0            2  0.6666667
    47     1     J 2sX2pN    200         0           0          0            1  0.7500000
    47     2     K 2sX2pN    200         1           2          2            3  1.7500000
    47     2     D 2sX2pN    200         1           2          0            2  0.3333333
    48     1     I  1sX2p    400         0           2          0            1  0.2666667
    48     1     G  1sX2p    400         0           0          0            0  0.3333333
    49     1     B 2sX2pN    203         1           3          3            3  1.1666667
    49     1     D 2sX2pN    203         1           3          1            3  0.5833333
    49     2     I 2sX2pN    203         0           2          0            0  0.2833333
    49     2     G 2sX2pN    203         1           1          0            0  0.4166667
    50     1     J  1sX2p    344         0           0          0            1  0.4166667
    50     1     C  1sX2p    344         0           2          0            0  1.0000000
    51     1     H  1sX2p    303         1           1          1            0  1.4166667
    51     1     B  1sX2p    303         4          15          2            3  2.0833333
    52     1     I  1sX2p    374         2           2          1            2  0.2500000
    52     1     K  1sX2p    374         1          10          4            6  4.5833333
    53     1     H 2sX2pN    491         1           0          3            0  1.0000000
    53     1     E 2sX2pN    491         0           0          5            2  0.9500000
    53     2     J 2sX2pN    491         0           6          2            2  0.5000000
    53     2     C 2sX2pN    491         0           8          1            0  0.6666667
    54     1     A 2sX2pR    370         5           6          5            0  1.9166667
    54     1     C 2sX2pR    370         7          12          1            2  1.5500000
    54     2     F 2sX2pR    366         4          10          2            4  2.0000000
    54     2     G 2sX2pR    366         0           4          0            4  1.5000000
    55     1     C 2sX2pN    132         0           1          4            1  0.5000000
    55     1     E 2sX2pN    132         0           0          1            3  0.5000000
    55     2     N 2sX2pN    132         1           4          3            2  0.4500000
    55     2     M 2sX2pN    132         3           4          0            7  1.2500000
    56     1     F  1sX2p    280         0           5          5            0  0.7500000
    56     1     G  1sX2p    280         2           2          2            1  0.5000000
    57     1     A 2sX2pN    107         1           1          1            0  0.6166667
    57     1     B 2sX2pN    107         3           6          2            1  0.7500000
    57     2     O 2sX2pN    107         1           0          0            3  1.0000000
    57     2     G 2sX2pN    107         4           0          3            0  0.6666667
    58     1     B 2sX1pN    260         1           5          0            2  1.2500000
    58     2     F 2sX1pN    260         3           3          0            2  0.6666667
    59     1     C  1sX2p     95         0          19          7            6  0.3666667
    59     1     F  1sX2p     95         0           1          0            1  0.5000000
    60     1     A  1sX1p     34         0           0          0            0  0.0000000
    61     1     A  1sX2p     54         0           3          0            0  0.2500000
    61     1     B  1sX2p     54         0           4          0            2  0.7833333
    62     1     B  1sX2p     73         2           2          1            0  0.9166667
    62     1     E  1sX2p     73         0           1          0            0  0.3500000
    63     1     A  1sX4p    841         2           3          0            4  1.5000000
    63     1     O  1sX4p    841         0           0          0            0  0.0000000
    63     1     D  1sX4p    841         0           2          0            2  1.0000000
    63     1     F  1sX4p    841         0           0          1            2  0.7500000
    64     1     B 2sX2pN    404         1           3          1            5  2.0833333
    64     1     F 2sX2pN    404         1           1          0            3  0.7500000
    64     2     C 2sX2pN    404         1           0          0            1  1.0833333
    64     2     G 2sX2pN    404         2           0          0            1  2.0000000
    65     1     B 2sX1pR    316         2           2          0            1  1.6833333
    65     2     G 2sX1pR    261         0           5          2            5  1.0000000
    66     1     B  1sX2p    126         3          13          1            2  1.5166667
    66     1     D  1sX2p    126         2          13          1            2  0.5166667
    67     1     C 2sX1pN    123         0           4          0            2  0.2000000
    67     2     B 2sX1pN    123         1           4          1            1  0.6666667
    68     1     K  1sX4p    228         0           3          0            4  0.8333333
    68     1     B  1sX4p    228         0           4          0            0  1.0000000
    68     1     D  1sX4p    228         1           2          0            0  0.2333333
    68     1     G  1sX4p    228         0           0          0            2  0.3833333
    69     1     K  1sX2p    197         0           3          0            7  1.7500000
    69     1     F  1sX2p    197         1           4          1            2  0.7500000
    70     1     G  1sX1p    303         0           5          1            2  0.7500000
    71     1     D  1sX2p    139         2           2          0            2  0.3000000
    71     1     E  1sX2p    139         1           4          2            0  1.1833333
    72     1     D 2sX1pN    135         0           2          4            2  0.6666667
    72     2     C 2sX1pN    135         0           2          0            0  0.2833333
    73     1     I  1sX2p     78         0           0          2            0  0.2666667
    73     1     C  1sX2p     78         0           0          0            3  0.2500000
    74     1     A 2sX2pN    261         0           0          0            0  0.8333333
    74     1     C 2sX2pN    261         0           1          0            4  1.2500000
    74     2     B 2sX2pN    261         2           1          2            0  1.7500000
    74     2     G 2sX2pN    261         0           1          0            0  0.5000000
    75     1     B 2sX2pR    382         2          17          1            1  2.1666667
    75     1     E 2sX2pR    382         1           3          0            3  1.7500000
    75     2     C 2sX2pR    276         1           2          2            0  1.1666667
    75     2     D 2sX2pR    276         1          11          3            1  1.2500000
    76     1     B  1sX1p    571         7          10          1           10  2.0000000
    77     1     B 2sX1pN    150         0          23          0            0  0.8333333
    77     2     D 2sX1pN    150         0           6         10            8  0.5833333
    78     1     B  1sX1p     26         0           2          1            1  0.3333333
    79     1     B  1sX2p    249         3           5          3            2  1.5000000
    79     1     F  1sX2p    249         3           1          0            2  0.5000000
    80     1     B 2sX1pN    486         1           2          1            0  1.0833333
    80     2     F 2sX1pN    486         3           3          2            4  0.5000000
    81     1     C 2sX1pN     95         0           1          1            0  0.2000000
    81     2     J 2sX1pN     95         1           1          2            3  0.6000000
    82     1     E  1sX2p    234         0           2          1            0  2.0833333
    82     1     G  1sX2p    234         0           0          0            1  0.5000000
    83     1     E 2sX1pR    389         0           1          0            0  1.5000000
    83     2     N 2sX1pR    390         0           1          1            2  0.8000000
    84     1     D  1sX2p    323         0           2          0            1  1.0000000
    84     1     M  1sX2p    323         0           2          2            0  2.0000000
    85     1     D  1sX1p    251         0           0          3            2  0.2500000
    86     1     C 2sX2pR    227         1           1          0            1  0.7833333
    86     1     G 2sX2pR    227         0           0          0            3  0.5833333
    86     2     B 2sX2pR    377         2          14          1            2  2.0333333
    86     2     E 2sX2pR    377         0           3          0            2  1.9666667
    87     1     B  1sX1p     64         0           0          1            1  0.5833333
    88     1     C 2sX1pN    284         0           1          0            0  1.1666667
    88     2     E 2sX1pN    284         1           1          1            5  3.6666667
