INSPID ROUND  TREAT S_NCSL S_FALSEPOS S_SOFTMAINT S_TRUEDEF S_MAJORISS S_MEETGAIN S_PREPDEF S_MEETDUR TEAM_ILOAD_PRE TEAM_RLOAD_PRE TEAM_MLOAD_PRE AUTH_ILOAD_PRE AUTH_RLOAD_PRE AUTH_MLOAD_PRE AUTH_ILOAD_POS AUTH_RLOAD_POS AUTH_MLOAD_POS S_AVAILDATE S_MEETDATE S_REPAIRDATE S_AVAILMONTH S_AV2DIST S_DIST2PREP S_PREP2PREP S_PREP2MEET S_MEET2MEET S_MEET2REP S_REP2REP S_PREMEET S_POSTMEET S_RA S_RB S_RC S_RD S_RE S_RF S_RG S_RH S_RI S_RJ S_RK S_RL S_RM S_RN S_RO S_RP S_RQ 
     1     1  1sX4p    261          3           9        15          4          4        11 1.6666667     5.40000000     4.53333333      6.6666667     3.40000000     2.06666667      1.2000000     3.66666667      2.4000000      1.2666667          46         54          138        94/08         2           2           2           0           0         24        36         6         60    1    1    0    1    0    1    0    0    0    0    0    0    0    0    0    0    0
     2     1 2sX1pN    231          1           8         3          0          1         2 1.2500000     3.20000000     1.93333333      0.0000000     3.40000000     2.06666667      1.2000000     3.60000000      2.1333333      1.3333333          46         49           91        94/08         1           1           1           0           0         29         1         3         30    0    0    0    0    1    0    0    0    0    0    0    0    0    0    0    0    0
     2     2 2sX1pN    231          5          18         5          0          4         1 0.9166667     5.40000000     4.53333333      6.6666667     3.40000000     2.06666667      1.2000000     1.46666667      2.7333333      1.5333333          46         89           91        94/08         1          30           0           0           0          1         1        31          2    0    0    0    0    0    1    0    0    0    0    0    0    0    0    0    0    0
     3     1  1sX4p    135          4           7         0          1          0         0 0.7500000     3.20000000     3.06666667      2.0666667     3.60000000     2.13333333      1.3333333     1.46666667      2.2000000      1.8666667          50         83           85        94/08         9           6           8           0           0          1         1        23          2    0    1    0    0    1    0    1    0    0    0    0    0    0    0    0    0    0
     4     1 2sX1pN    623          6          20         7          0          5         2 1.3333333     0.60000000     4.33333333      3.6000000     1.66666667     0.60000000      0.5333333     1.53333333      0.6666667      1.6000000         266        273          279        95/03         1           3           1           0           0          0         4         5          4    0    0    0    0    1    0    0    0    0    0    0    0    0    0    0    0    0
     4     2 2sX1pN    623          6          27        13          2          4         9 1.7500000     0.73333333     0.66666667     11.1333333     1.66666667     0.60000000      0.5333333     0.80000000      0.9333333      2.3333333         266        278          298        95/03         1           6           1           0           0          1        13         8         14    0    1    0    0    0    0    0    0    0    0    0    0    0    0    0    0    0
     5     1 2sX1pR    590          2           6         8          0          5         3 0.9166667     1.62500000     1.62500000      0.0000000     3.75000000     0.12500000      1.3750000     3.84615385      0.4615385      2.0000000           1          6            7        94/07         2           1           0           0           0          0         1         3          1    0    0    1    0    0    0    0    0    0    0    0    0    0    0    0    0    0
     5     2 2sX1pR    606          4           7         1          0          1         0 1.2500000     1.50000000     1.21428571      4.1428571     3.85714286     0.50000000      2.0714286     3.73333333      1.5333333      3.0000000           7         27           27        94/07         0          13           0           1           0          0         0        14          0    1    0    0    0    0    0    0    0    0    0    0    0    0    0    0    0    0
     6     1  1sX4p    177          2          12         4          0          0         4 0.5833333     2.12500000     2.12500000      4.0000000     3.75000000     0.12500000      1.3750000     3.85714286      0.5000000      2.0714286           1          7            7        94/07         2           1           1           0           0          0         0         4          0    1    0    1    1    0    1    0    0    0    0    0    0    0    0    0    0    0
     7     1 2sX1pR    254          2          15         7          0          3         4 0.6666667     2.12500000     2.12500000      0.5000000     3.75000000     0.12500000      1.3750000     3.84615385      0.4615385      2.0000000           1          6            6        94/07         2           1           0           0           0          0         0         3          0    0    0    0    1    0    0    0    0    0    0    0    0    0    0    0    0    0
     7     2 2sX1pR    247          5           7         7          1          4         3 0.8333333     1.46153846     1.30769231      0.3846154     3.84615385     0.46153846      2.0000000     3.86666667      0.5333333      2.1333333           6          8           27        94/07         1           1           0           0           0         12         1         2         13    0    0    0    0    0    1    0    0    0    0    0    0    0    0    0    0    0
     8     1 2sX2pN    279          2          21         9          0          3         6 1.3333333     2.64285714     2.21428571      1.0714286     3.85714286     0.50000000      2.0714286     3.73333333      1.5333333      3.0000000           7         27           32        94/07         1          12           1           0           0          0         3        14          3    0    0    0    1    0    0    1    0    0    0    0    0    0    0    0    0    0
     8     2 2sX2pN    279          1          15        10          0          3         7 0.8333333     1.57142857     1.28571429      0.3571429     3.85714286     0.50000000      2.0714286     3.33333333      3.0000000      2.1333333           7         40           42        94/07         1          22           0           0           0          0         2        23          2    0    0    0    0    1    1    0    0    0    0    0    0    0    0    0    0    0
     9     1  1sX2p    212          1          15         7          1          2         5 0.6666667     2.64285714     2.21428571      1.0714286     3.85714286     0.50000000      2.0714286     3.46666667      2.8666667      2.5333333           7         35           40        94/07        12           7           1           0           0          1         2        20          3    0    0    0    1    0    0    0    0    0    0    0    1    0    0    0    0    0
    10     1 2sX1pR    395          2           5         1          0          1         0 0.8333333     3.53333333     2.06666667      1.2666667     2.86666667     2.46666667      2.0000000     3.60000000      2.7333333      2.2666667          47         54           54        94/08         1           4           0           0           0          0         0         5          0    0    0    1    0    0    0    0    0    0    0    0    0    0    0    0    0    0
    10     2 2sX1pR    363          5          13         0          1          0         0 1.5000000     2.80000000     2.80000000      0.0000000     3.53333333     2.73333333      2.3333333     3.53333333      3.0666667      3.6000000          55         60           61        94/08         0           1           0           2           0          1         0         3          1    0    0    0    0    0    0    1    0    0    0    0    0    0    0    0    0    0
    11     1  1sX1p    130          2           9         3          0          1         2 0.6666667     1.40000000     2.80000000      1.2666667     1.46666667     1.06666667      6.2666667     1.06666667      1.0666667      5.3333333          91         97          123        94/09         0           2           2           0           0          0        18         4         18    0    0    1    0    0    0    0    0    0    0    0    0    0    0    0    0    0
    12     1  1sX4p     79          2           6         0          0          0         0 0.3333333     3.40000000     3.46666667      3.1333333     3.86666667     3.33333333     11.7333333     1.66666667      1.1333333     11.0666667         244        259          259        95/03         3           0           8           0           0          0         0        11          0    0    0    0    0    0    1    1    0    1    1    0    0    0    0    0    0    0
    13     1 2sX1pN    265          3           6         0          0          0         0 0.8000000     0.53333333     0.53333333      6.2000000     1.06666667     0.00000000     11.9333333     2.13333333      1.3333333      0.7333333         462        477          482        95/10         8           1           1           1           0          2         1        11          3    0    0    0    0    1    0    0    0    0    0    0    0    0    0    0    0    0
    13     2 2sX1pN    265          3           5         1          0          0         1 1.1333333     0.53333333     0.53333333      0.0000000     1.06666667     0.00000000     11.9333333     1.80000000      1.8000000      0.8666667         462        481          495        95/10         8           4           0           1           0          0        10        13         10    0    0    0    0    0    0    1    0    0    0    0    0    0    0    0    0    0
    14     1  1sX4p    350         12          18         8          1          6         2 2.6833333     1.86666667     2.93333333      3.4000000     2.20000000     0.06666667      9.2666667     1.46666667      2.0000000      9.8000000         285        312          335        95/04         2          10           7           0           0          8         9        19         17    0    0    0    0    0    1    0    1    1    1    0    0    0    0    0    0    0
    15     1 2sX2pN    400          2           5         1          0          1         0 0.9166667     1.60000000     1.60000000      0.0000000     2.20000000     0.06666667      9.2666667     3.06666667      1.8000000      9.6000000         285        306          308        95/04         2          11           2           0           0          0         2        15          2    0    0    0    0    0    0    1    0    0    1    0    0    0    0    0    0    0
    15     2 2sX2pN    400          0          12         2          1          1         1 0.8333333     1.73333333     1.73333333      1.0000000     2.20000000     0.06666667      9.2666667     2.80000000      1.8000000      9.5333333         285        307          327        95/04         2          10           3           1           0         10         4        16         14    1    0    0    0    0    0    0    0    1    0    0    0    0    0    0    0    0
    16     1  1sX2p    450          9          27         2          0          1         1 2.0000000     1.20000000     1.60000000      4.2000000     2.20000000     0.06666667      9.2666667     4.00000000      0.6666667      9.2000000         285        298          301        95/04         2           3           2           0           2          0         3         9          3    0    0    1    1    0    0    0    0    0    0    0    0    0    0    0    0    0
    17     1  1sX2p    223          3           2        10          0          3         7 0.5000000     0.26666667     0.26666667      0.0000000     2.86666667     2.86666667      2.1333333     2.60000000      3.0666667      1.9333333          43         46           46        94/08         0           1           0           0           0          0         0         1          0    0    0    0    0    0    0    0    0    0    0    0    0    0    0    0    1    1
    18     1 2sX1pN    192          3          14         0          0          0         0 0.5000000     1.80000000     1.80000000      2.5333333     2.46666667     2.60000000      1.8666667     2.26666667      2.0666667      2.0000000          49         53           53        94/08         0           2           0           0           0          0         0         2          0    1    0    0    0    0    0    0    0    0    0    0    0    0    0    0    0    0
    18     2 2sX1pN    192          2          14         0          0          0         0 0.6666667     2.80000000     2.46666667      0.1333333     2.46666667     2.60000000      1.8666667     2.26666667      2.0666667      2.0000000          49         53           53        94/08         0           2           0           0           0          0         0         2          0    0    0    0    0    1    0    0    0    0    0    0    0    0    0    0    0    0
    19     1 2sX1pN    320          2          15         5          0          0         5 0.8333333     3.13333333     1.06666667      7.3333333     2.66666667     0.60000000     11.2666667     6.66666667      1.3333333      5.4666667         229        239          242        95/02         3           1           0           4           0          0         1         8          1    0    0    0    0    0    1    0    0    0    0    0    0    0    0    0    0    0
    19     2 2sX1pN    320          3           8         2          0          2         0 0.8333333     1.06666667     1.06666667      0.0000000     2.66666667     0.60000000     11.2666667     6.60000000      2.3333333      3.4000000         229        244          320        95/02         3           6           0           2           0          1        53        11         54    0    0    0    0    0    0    1    0    0    0    0    0    0    0    0    0    0
    20     1  1sX4p    220          4          31         7          1          4         3 1.6666667     3.13333333     2.06666667     13.0000000     2.66666667     0.60000000     11.2666667     6.46666667      2.6666667      3.4000000         229        245          259        95/02         3           1           8           0           0          9         1        12         10    0    1    0    1    0    1    1    0    0    0    0    0    0    0    0    0    0
    21     1 2sX2pR    296          4          25         9          0          4         5 1.2500000     1.86666667     1.86666667      0.0000000     1.53333333     1.53333333      4.6666667     1.93333333      1.7333333      4.7333333          11         14           22        94/07         0           3           0           0           0          5         1         3          6    0    0    0    0    1    0    1    0    0    0    0    0    0    0    0    0    0
    21     2 2sX2pR    415         10          31        11          1          3         8 1.7500000     5.00000000     3.80000000      3.2666667     3.00000000     1.66666667      4.6000000     3.53333333      2.7333333      3.5333333          22         34           36        94/07         0           5           3           0           0          2         0         8          2    0    0    0    1    0    1    0    0    0    0    0    0    0    0    0    0    0
    22     1  1sX2p    889         15          24        17          5         10         7 2.8333333     3.26666667     3.26666667      0.4000000     2.80000000     1.73333333      4.6000000     3.73333333      2.0000000      4.0666667          19         28           35        94/07         1           2           4           0           0          3         2         7          5    0    0    1    0    1    0    0    0    0    0    0    0    0    0    0    0    0
    23     1  1sX2p    967          4          13         5          1          3         2 1.3333333     3.26666667     3.26666667      0.4000000     2.80000000     1.73333333      4.6000000     2.86666667      2.6666667      2.8666667          19         39           41        94/07         1          13           0           0           0          1         1        14          2    0    0    1    0    1    0    0    0    0    0    0    0    0    0    0    0    0
    24     1  1sX2p    763          4          45         3          0          2         1 2.3333333     6.66666667     2.60000000      3.8666667     0.86666667     0.33333333      5.6666667     1.46666667      1.4000000      1.0000000         243        253          271        95/02         1           4           1           0           2         12         0         8         12    0    0    0    1    1    0    0    0    0    0    0    0    0    0    0    0    0
    25     1 2sX2pN   1030          0           3         4          0          2         2 0.2500000     2.26666667     2.26666667      0.0000000     6.66666667     1.13333333      5.8666667     2.73333333      4.8000000      3.8666667         238        253          253        95/02         3           6           2           0           0          0         0        11          0    0    0    0    1    0    0    0    1    0    0    0    0    0    0    0    0    0
    25     2 2sX2pN   1030          3           2         6          1          2         4 0.6666667     4.20000000     3.33333333      3.0666667     6.66666667     1.13333333      5.8666667     0.86666667      4.8666667      4.1333333         238        259          261        95/02         3           0           1          11           0          1         1        15          2    0    0    0    0    0    1    0    0    1    0    0    0    0    0    0    0    0
    26     1  1sX4p    199          3          36         6          0          2         4 2.1666667     3.93333333     9.40000000     16.3333333     2.66666667     1.13333333      2.4666667     3.46666667      2.0666667      3.1333333         376        398          400        95/07         3          12           1           0           0          1         1        16          2    0    1    0    0    1    1    0    0    0    0    1    0    0    0    0    0    0
    27     1  1sX2p    440         12          15        14          0         11         3 1.3833333     6.66666667    11.06666667     12.5333333     4.46666667     0.80000000      6.7333333     1.60000000      4.3333333      0.6000000         383        411          419        95/07         2          18           0           0           0          6         0        20          6    0    0    0    0    0    1    0    0    0    1    0    0    0    0    0    0    0
    28     1  1sX4p    364         12          16         6          0          2         4 1.3000000     4.60000000     3.26666667     17.1333333     4.46666667     0.80000000      6.7333333     2.46666667      3.6000000      0.6666667         383        405          412        95/07         2           8           5           1           0          3         2        16          5    0    1    1    0    1    0    0    0    1    0    0    0    0    0    0    0    0
    29     1 2sX1pN    118          0           8         0          0          0         0 0.1666667     2.53333333     2.53333333      0.0000000     4.46666667     0.80000000      6.7333333     5.13333333      1.8666667      1.1333333         383        396          396        95/07         2           7           0           0           0          0         0         9          0    0    0    0    0    0    0    0    0    0    0    1    0    0    0    0    0    0
    29     2 2sX1pN    118          0           3         0          0          0         0 0.3333333     2.60000000     2.60000000      0.0000000     4.46666667     0.80000000      6.7333333     4.80000000      1.8666667      1.0000000         383        397          413        95/07         2           4           0           4           0         12         0        10         12    0    0    0    0    0    0    0    0    1    0    0    0    0    0    0    0    0
    30     1 2sX2pN    321          6          17         2          0          2         0 1.0000000     4.60000000     3.06666667      2.9333333     4.46666667     0.80000000      6.7333333     6.93333333      1.7333333      1.3333333         383        391          417        95/07         2           3           1           0           0         17         1         6         18    0    0    1    0    1    0    0    0    0    0    0    0    0    0    0    0    0
    30     2 2sX2pN    321          9          29         4          0          1         3 1.3666667     6.66666667    11.06666667     12.5333333     4.46666667     0.80000000      6.7333333     2.66666667      3.2666667      0.6666667         383        404          418        95/07         2          12           1           0           0          9         1        15         10    0    0    0    0    0    1    1    0    0    0    0    0    0    0    0    0    0
    31     1 2sX1pN    906          9          33        12          0          5         7 2.5000000     3.26666667     3.26666667     17.1333333     4.46666667     0.80000000      6.7333333     5.46666667      1.0000000      5.4000000         383        385          389        95/07         1           0           1           0           0          1         1         2          2    0    1    0    0    0    0    0    0    0    0    0    0    0    0    0    0    0
    31     2 2sX1pN    906          1          18         6          0          5         1 2.0666667     1.60000000     1.60000000      0.0000000     4.46666667     0.80000000      6.7333333     6.53333333      1.8000000      1.3333333         383        392          393        95/07         1           5           0           1           0          1         0         7          1    0    0    0    0    0    0    1    0    0    0    0    0    0    0    0    0    0
    32     1 2sX2pN    623          2           0         0          0          0         0 0.2000000     0.53333333     0.53333333      0.0000000     1.73333333     5.26666667      6.6000000     2.00000000      4.0000000      7.6000000         425        438          438        95/08         0           8           1           0           0          0         0         9          0    0    0    0    0    0    0    0    1    0    0    1    0    0    0    0    0    0
    32     2 2sX2pN    623          2           1         1          0          0         1 0.1666667     0.93333333     1.06666667      2.0000000     1.73333333     5.26666667      6.6000000     2.46666667      3.5333333      9.0000000         425        470          473        95/08         0           1          10          22           0          0         1        33          1    0    0    0    1    0    0    0    0    1    0    0    0    0    0    0    0    0
    33     1 2sX1pN    566          8          23         3          1          1         2 1.3666667     1.53333333     1.53333333      1.8000000     2.06666667     1.00000000      3.0666667     2.13333333      1.7333333      3.3333333         454        469          475        95/09         4           6           0           1           0          2         2        11          4    0    0    0    1    0    0    0    0    0    0    0    0    0    0    0    0    0
    33     2 2sX1pN    566          3          17         5          2          2         3 1.0000000     2.53333333     3.53333333      8.4000000     2.06666667     1.00000000      3.0666667     2.06666667      1.8000000      3.2000000         454        470          475        95/09         4           8           0           0           0          1         2        12          3    0    0    0    0    0    1    0    0    0    0    0    0    0    0    0    0    0
    34     1  1sX2p    458          4           7         2          0          1         1 0.7333333     2.66666667     2.06666667      3.0000000     2.26666667     2.13333333      7.4000000     1.00000000      0.2666667      9.5333333         477        501          501        95/10         0           7           9           0           0          0         0        16          0    0    0    1    0    1    0    0    0    0    0    0    0    0    0    0    0    0
    35     1  1sX4p    165          2          16         1          0          1         0 0.9166667     1.33333333     1.86666667      2.5333333     0.60000000     0.06666667      3.2666667     1.20000000      1.1333333      4.2666667         278        287          298        95/04         2           0           5           0           0          7         0         7          7    1    0    0    0    0    1    1    0    1    0    0    0    0    0    0    0    0
    36     1  1sX2p     89          0           2         3          0          3         0 0.3333333     1.20000000     1.20000000      1.4000000     0.73333333     0.00000000      9.2666667     1.00000000      0.0000000      7.5000000         506        523          523        95/11         8           2           0           1           0          0         0        11          0    0    0    1    0    0    0    1    0    0    0    0    0    0    0    0    0    0
    37     1  1sX4p    361          6          14         5          2          1         4 1.0833333     4.00000000     1.53333333      9.4000000     3.06666667     2.33333333      5.0000000     1.60000000      2.1333333      9.7333333         299        313          319        95/04         2           3           5           0           0          4         0        10          4    0    1    0    0    0    0    0    1    0    0    1    0    0    0    0    0    1
    38     1  1sX2p    379          0          23         7          2          5         2 1.2500000     2.53333333     2.53333333      0.0000000     3.06666667     2.33333333      5.0000000     3.20000000      1.8000000      4.4000000         299        307          319        95/04         2           2           1           1           0          0         8         6          8    0    0    0    0    0    0    1    0    1    0    0    0    0    0    0    0    0
    39     1 2sX1pN    428          3          16         7          2          5         2 1.0833333     2.86666667     1.40000000      1.0666667     5.20000000     1.06666667     13.6000000     7.40000000      1.4000000     12.8666667         323        328          329        95/05         1           0           0           2           0          0         1         3          1    0    0    1    0    0    0    0    0    0    0    0    0    0    0    0    0    0
    39     2 2sX1pN    428          2           5         3          0          1         2 0.9000000     2.13333333     2.73333333      2.5333333     5.20000000     1.06666667     13.6000000     6.20000000      4.0666667     15.4666667         323        334          340        95/05         1           2           0           4           0          4         0         7          4    0    0    0    0    1    0    0    0    0    0    0    0    0    0    0    0    0
    40     1 2sX2pN    230          1          18         0          2          0         0 0.7500000     2.86666667     1.40000000      1.0666667     5.20000000     1.06666667     13.6000000     7.60000000      1.8666667     13.0000000         323        329          329        95/05         1           1           1           1           0          0         0         4          0    0    0    1    0    0    0    0    0    1    0    0    0    0    0    0    0    0
    40     2 2sX2pN    230          4          12         0          3          0         0 0.8166667     1.40000000     1.40000000      0.0000000     5.20000000     1.06666667     13.6000000     5.60000000      4.2666667     16.0000000         323        335          340        95/05         1           6           1           0           0          3         0         8          3    0    0    0    0    0    0    0    1    0    1    0    0    0    0    0    0    0
    41     1 2sX1pN    245          0          12         5          6          3         2 0.5000000     1.06666667     1.06666667      7.1333333     5.20000000     1.06666667     13.6000000     6.20000000      4.0666667     15.4666667         323        334          341        95/05         1           6           0           0           0          4         1         7          5    0    0    0    1    0    0    0    0    0    0    0    0    0    0    0    0    0
    41     2 2sX1pN    245          2           6         2          4          1         1 0.5333333     1.93333333     1.93333333      0.0000000     5.20000000     1.06666667     13.6000000     5.60000000      4.2666667     16.0000000         323        335          341        95/05         1           6           0           1           0          3         1         8          4    0    0    0    0    0    0    1    0    0    0    0    0    0    0    0    0    0
    42     1 2sX2pN    363          3          10         5          5          3         2 0.8333333     2.13333333     2.73333333     10.8666667     5.20000000     1.06666667     13.6000000     7.60000000      1.8666667     13.0000000         323        329          391        95/05         1           0           2           1           0          8        36         4         44    0    1    0    0    1    0    0    0    0    0    0    0    0    0    0    0    0
    42     2 2sX2pN    363          5          16         6          8          5         1 1.6666667     1.93333333     1.93333333      7.1333333     5.20000000     1.06666667     13.6000000     7.80000000      2.3333333     13.1333333         323        330          391        95/05         1           2           1           1           0          7        36         5         43    0    0    0    1    0    0    1    0    0    0    0    0    0    0    0    0    0
    43     1  1sX2p    291          5          12         1          2          0         1 0.8333333     1.20000000     2.66666667     10.8666667     5.20000000     1.06666667     13.6000000     7.40000000      1.4000000     12.8666667         323        328          392        95/05         1           0           1           1           0          6        40         3         46    0    1    0    0    0    0    0    1    0    0    0    0    0    0    0    0    0
    44     1 2sX2pN    267          3           6         2          0          1         1 0.6666667     1.40000000     1.40000000      0.0000000     1.06666667     0.00000000      2.4666667     2.53333333      2.4000000      0.3333333         312        328          347        95/05         1           9           2           0           0         13         0        12         13    0    0    0    0    0    0    1    0    0    1    0    0    0    0    0    0    0
    44     2 2sX2pN    267          2           6         1          0          0         1 0.3833333     1.13333333     3.73333333      3.0666667     1.06666667     0.00000000      2.4666667     2.53333333      2.4000000      0.3333333         312        328          347        95/05         1          10           0           1           0         13         0        12         13    0    0    0    0    1    0    0    0    0    0    1    0    0    0    0    0    0
    45     1 2sX1pN    231          2           2         1          0          0         1 0.2500000     1.53333333     1.53333333      0.0000000     7.06666667     1.06666667     12.8000000     4.80000000      4.2000000     15.0000000         327        354          394        95/05         0          19           0           0           0          2        28        19         30    0    0    0    0    0    0    0    0    1    0    0    0    0    0    0    0    0
    45     2 2sX1pN    231          2           4         0          0          0         0 0.2333333     1.13333333     1.13333333      0.0000000     7.06666667     1.06666667     12.8000000     4.26666667      4.7333333     14.8666667         327        356          394        95/05         0           6           0          15           0         28         0        21         28    0    0    0    0    0    0    0    0    0    0    1    0    0    0    0    0    0
    46     1  1sX4p    250          3           9         1          0          0         1 0.3333333     2.60000000     2.46666667      2.4666667     7.06666667     1.06666667     12.8000000     4.53333333      4.4666667     14.8666667         327        355          397        95/05         1           2          17           0           0         30         0        20         30    0    0    1    0    1    0    0    1    1    0    0    0    0    0    0    0    0
    47     1 2sX2pN    200          1           4         1          5          0         1 0.4500000     1.53333333     1.53333333      0.0000000     4.60000000     3.40000000     16.1333333     2.60000000      6.4000000     14.6000000         347        361          393        95/06         1           8           1           0           0          0        24        10         24    0    0    0    0    0    0    0    1    0    1    0    0    0    0    0    0    0
    47     2 2sX2pN    200          5           6         2          1          0         2 0.7333333     1.53333333     1.53333333      9.0000000     4.60000000     3.40000000     16.1333333     2.80000000      8.7333333     14.6666667         347        372          393        95/06         1          17           1           0           0          1        14        19         15    0    0    0    1    0    0    0    0    0    0    1    0    0    0    0    0    0
    48     1  1sX2p    400          0           4         0          0          0         0 0.5833333     2.53333333     2.53333333      0.0000000     4.60000000     3.40000000     16.1333333     2.20000000      7.0000000     14.7333333         347        363          393        95/06         1          10           1           0           0          0        22        12         22    0    0    0    0    0    0    1    0    1    0    0    0    0    0    0    0    0
    49     1 2sX2pN    203          3          10         1          0          0         1 0.9666667     4.46666667     3.26666667     17.1333333     6.66666667    11.06666667     12.5333333     5.93333333      8.4666667      7.0000000         383        396          475        95/07         2           4           3           0           0         44        13         9         57    0    1    0    1    0    0    0    0    0    0    0    0    0    0    0    0    0
    49     2 2sX2pN    203          1           5         2          2          1         1 0.7333333     2.60000000     2.60000000      0.0000000     6.66666667    11.06666667     12.5333333     5.46666667      8.2000000      6.6000000         383        397          474        95/07         2           7           1           0           0         43        12        10         55    0    0    0    0    0    0    1    0    1    0    0    0    0    0    0    0    0
    50     1  1sX2p    344          1           8         3          1          3         0 0.9166667     4.60000000     2.60000000      2.9333333     6.66666667    11.06666667     12.5333333     5.46666667      8.2000000      6.6000000         383        397          420        95/07         2           8           0           0           0         17         0        10         17    0    0    1    0    0    0    0    0    0    1    0    0    0    0    0    0    0
    51     1  1sX2p    303          3          16         5          1          1         4 1.1666667     1.86666667     1.86666667     12.0666667     1.00000000     0.46666667      1.4666667     0.66666667      0.3333333      3.0666667         356        411          414        95/06         2           8          29           0           0          3         0        39          3    0    1    0    0    0    0    0    1    0    0    0    0    0    0    0    0    0
    52     1  1sX2p    374          4          15         6          5          3         3 0.8666667     1.33333333     1.33333333      0.0000000     2.46666667     8.40000000     14.8666667     4.13333333      7.2666667      5.2666667         370        400          474        95/07         3           8          10           1           0          3        49        22         52    0    0    0    0    0    0    0    0    1    0    1    0    0    0    0    0    0
    53     1 2sX2pN    491          2           5         1          0          0         1 0.3333333     1.53333333     1.53333333      0.6666667     2.46666667     8.40000000     14.8666667     8.13333333      9.9333333      9.0000000         370        391          432        95/07         3          11           0           1           0          3        26        15         29    0    0    0    0    1    0    0    1    0    0    0    0    0    0    0    0    0
    53     2 2sX2pN    491          6          13         0          2          0         0 0.7000000     1.66666667     0.53333333      2.1333333     2.46666667     8.40000000     14.8666667     5.93333333      8.4666667      7.0000000         370        396          432        95/07         3          15           0           0           0          0        26        18         26    0    0    1    0    0    0    0    0    0    1    0    0    0    0    0    0    0
    54     1 2sX2pR    370          6          23        10          0          0        10 1.6666667     1.80000000     1.66666667      4.8000000     3.86666667     2.73333333      1.5333333     4.20000000      2.9333333      1.6666667          13         15           15        94/07         0           1           1           0           0          0         0         2          0    1    0    1    0    0    0    0    0    0    0    0    0    0    0    0    0    0
    54     2 2sX2pR    366          8          19        10          0          6         4 1.5833333     3.73333333     1.93333333      2.2000000     5.00000000     3.46666667      1.6666667     5.06666667      4.0666667      2.6000000          19         26           27        94/07         1           3           1           0           0          0         1         5          1    0    0    0    0    0    1    1    0    0    0    0    0    0    0    0    0    0
    55     1 2sX2pN    132          1           8         1          0          1         0 0.4166667     2.40000000     2.40000000      0.0000000     3.86666667     2.73333333      1.5333333     4.80000000      3.3333333      1.6666667          13         18           21        94/07         2           0           1           0           0          3         0         3          3    0    0    1    0    1    0    0    0    0    0    0    0    0    0    0    0    0
    55     2 2sX2pN    132          4          11         5          0          1         4 0.5000000     1.06666667     1.06666667      0.0000000     3.86666667     2.73333333      1.5333333     5.06666667      3.7333333      1.8666667          13         21           21        94/07         2           3           1           0           0          0         0         6          0    0    0    0    0    0    0    0    0    0    0    0    0    1    1    0    0    0
    56     1  1sX2p    280          6          10         2          0          0         2 0.6666667     6.33333333     3.93333333      6.2000000     5.26666667     4.00000000      2.7333333     4.00000000      3.0666667      2.5333333          28         39           53        94/07         3           0           4           0           0         10         0         7         10    0    0    0    0    0    1    1    0    0    0    0    0    0    0    0    0    0
    57     1 2sX2pN    107          5          12         5          0          1         4 0.7833333     3.73333333     2.60000000      3.6000000     5.13333333     3.40000000      3.0666667     4.00000000      3.0666667      2.5333333          33         39           39        94/08         1           1           1           1           0          0         0         4          0    1    1    0    0    0    0    0    0    0    0    0    0    0    0    0    0    0
    57     2 2sX2pN    107          1           3         6          2          2         4 0.5833333     3.40000000     3.40000000      0.0000000     5.13333333     3.40000000      3.0666667     3.73333333      3.0000000      2.4666667          33         40           53        94/08         1           3           0           1           0          5         4         5          9    0    0    0    0    0    0    1    0    0    0    0    0    0    0    1    0    0
    58     1 2sX1pN    260          1          18         3          0          2         1 1.6666667     3.60000000     2.66666667      2.2666667     2.26666667     2.06666667      2.0000000     2.13333333      1.6000000      2.0000000          53         56           56        94/08         0           1           1           1           0          0         0         3          0    0    1    0    0    0    0    0    0    0    0    0    0    0    0    0    0    0
    58     2 2sX1pN    260          0          11         7          0          4         3 0.8333333     4.60000000     4.73333333      5.8000000     2.26666667     2.06666667      2.0000000     2.13333333      1.6000000      2.0000000          53         56           56        94/08         0           3           0           0           0          0         0         3          0    0    0    0    0    0    1    0    0    0    0    0    0    0    0    0    0    0
    59     1  1sX2p     95          6           5         0          0          0         0 0.4166667     0.80000000     1.46666667      2.2000000     0.60000000     0.40000000      1.6000000     0.33333333      0.1333333      1.5333333         110        112          112        94/10         0           2           0           0           0          0         0         2          0    0    0    1    0    0    1    0    0    0    0    0    0    0    0    0    0    0
    60     1  1sX1p     34          0           3         0          0          0         0 0.2000000     0.06666667     0.06666667      5.0666667     0.06666667     0.00000000      0.2000000     0.06666667      0.0000000      0.2000000         165        165          165        94/12         0           0           0           0           0          0         0         0          0    1    0    0    0    0    0    0    0    0    0    0    0    0    0    0    0    0
    61     1  1sX2p     54          0          12         0          0          0         0 0.3333333     3.80000000     3.13333333     11.4666667     3.06666667     2.53333333      0.1333333     0.80000000      0.2666667      0.2000000         246        259          259        95/03         2           0           7           0           0          0         0         9          0    1    1    0    0    0    0    0    0    0    0    0    0    0    0    0    0    0
    62     1  1sX2p     73          2           4         3          0          1         2 0.4666667     0.20000000     0.20000000     20.6000000     1.60000000     1.40000000      1.8666667     1.60000000      1.4000000      1.6000000         432        434          434        95/09         0           1           1           0           0          0         0         2          0    0    1    0    0    1    0    0    0    0    0    0    0    0    0    0    0    0
    63     1  1sX4p    841          5           7         9          3          7         2 1.7500000     6.33333333     4.00000000      6.2000000     4.20000000     2.60000000      0.5333333     3.20000000      1.9333333      0.0000000          28         46           98        94/07         1           5           6           0           0          5        33        12         38    1    0    0    1    0    1    0    0    0    0    0    0    0    0    1    0    0
    64     1 2sX2pN    404          7          19         9          6          7         2 1.3333333     6.33333333     3.93333333      6.2000000     4.20000000     2.60000000      0.5333333     3.00000000      2.0000000      0.0000000          28         47           98        94/07         1          11           1           0           0          4        33        13         37    0    1    0    0    0    1    0    0    0    0    0    0    0    0    0    0    0
    64     2 2sX2pN    404          1           5         3          2          0         3 0.9166667     2.46666667     2.46666667      0.0000000     4.20000000     2.60000000      0.5333333     2.33333333      4.2666667      1.4666667          28         55           98        94/07         1          11           4           3           0          0        31        19         31    0    0    1    0    0    0    1    0    0    0    0    0    0    0    0    0    0
    65     1 2sX1pR    316          0           7         3          0          1         2 1.1666667     2.06666667     2.06666667     13.0000000     2.66666667     0.60000000     11.2666667     5.80000000      0.8666667      7.5333333         229        235          236        95/02         0           4           0           0           0          1         0         4          1    0    1    0    0    0    0    0    0    0    0    0    0    0    0    0    0    0
    65     2 2sX1pR    261          4           6         0          1          0         0 1.0833333     2.60000000     2.60000000      0.0000000     6.66666667     1.13333333      5.8666667     3.60000000      4.4666667      3.6666667         238        251          314        95/02         1           7           0           1           0          1        44         9         45    0    0    0    0    0    0    1    0    0    0    0    0    0    0    0    0    0
    66     1  1sX2p    126          2          19         4          1          0         4 1.5000000     3.40000000     3.40000000     13.0666667     6.40000000     0.93333333      6.8666667     6.66666667      2.1333333      3.8666667         236        243          319        95/02         1           3           1           0           0          2        52         5         54    0    1    0    1    0    0    0    0    0    0    0    0    0    0    0    0    0
    67     1 2sX1pN    123          0           7         1          0          1         0 0.4166667     0.93333333     0.93333333      0.0000000     6.66666667     1.13333333      5.8666667     6.60000000      2.3333333      3.4000000         238        244          244        95/02         2           1           0           1           0          0         0         4          0    0    0    1    0    0    0    0    0    0    0    0    0    0    0    0    0    0
    67     2 2sX1pN    123          1           7         2          0          1         1 0.5833333     3.53333333     3.40000000     12.9333333     6.66666667     1.13333333      5.8666667     4.13333333      4.2000000      3.5333333         238        250          267        95/02         2           6           0           0           0         13         0         8         13    0    1    0    0    0    0    0    0    0    0    0    0    0    0    0    0    0
    68     1  1sX4p    228          0          14         1          0          0         1 0.9166667     2.33333333     1.53333333      1.8000000     2.13333333     1.06666667      4.2666667     0.60000000      1.1333333      4.8000000         473        508          509        95/10         1           1          22           1           0          0         1        25          1    0    1    0    1    0    0    1    0    0    0    1    0    0    0    0    0    0
    69     1  1sX2p    197          2          10         2          0          1         1 0.8166667     2.46666667     2.93333333      8.4000000     2.13333333     1.06666667      4.2666667     2.33333333      1.2666667      2.5333333         473        497          519        95/10         1          16           1           0           0          0        16        18         16    0    0    0    0    0    1    0    0    0    0    1    0    0    0    0    0    0
    70     1  1sX1p    303          2           9         3          0          3         0 1.0000000     3.40000000     3.40000000      0.0000000     7.66666667     4.20000000      6.4000000     4.13333333      3.6000000      3.5333333          33         60           69        94/08         1           9           0           9           0          7         0        19          7    0    0    0    0    0    0    1    0    0    0    0    0    0    0    0    0    0
    71     1  1sX2p    139          2           6         4          2          1         3 0.5833333     2.46666667     3.60000000      1.5333333     2.20000000     7.26666667      4.7333333     0.66666667      5.9333333      5.8000000         405        417          418        95/08         0           7           1           0           0          1         0         8          1    0    0    0    1    1    0    0    0    0    0    0    0    0    0    0    0    0
    72     1 2sX1pN    135          0          10         0          1          0         0 0.3333333     1.33333333     1.13333333      2.4666667     2.33333333     4.80000000      6.8000000     2.73333333      4.6666667      7.2666667         428        433          439        95/09         0           3           0           0           0          2         2         3          4    0    0    0    1    0    0    0    0    0    0    0    0    0    0    0    0    0
    72     2 2sX1pN    135          3          10         0          0          0         0 0.3666667     0.46666667     0.46666667      3.0000000     2.33333333     4.80000000      6.8000000     2.66666667      4.5333333      7.3333333         428        434          439        95/09         0           3           0           1           0          1         2         4          3    0    0    1    0    0    0    0    0    0    0    0    0    0    0    0    0    0
    73     1  1sX2p     78          2           2         0          0          0         0 0.1333333     1.53333333     1.53333333      3.2666667     1.53333333     3.13333333      8.0666667     2.33333333      1.2666667      6.6000000         446        481          481        95/09         0          24           1           0           0          0         0        25          0    0    0    1    0    0    0    0    0    1    0    0    0    0    0    0    0    0
    74     1 2sX2pN    261          0           2         3          1          3         0 0.5833333     3.53333333     2.73333333      3.5333333     7.80000000     4.13333333      6.4000000     6.93333333      3.9333333      6.1333333          34         42           56        94/08         0           2           3           1           0         10         0         6         10    1    0    1    0    0    0    0    0    0    0    0    0    0    0    0    0    0
    74     2 2sX2pN    261          2           4         2          1          0         2 1.6666667     3.60000000     3.46666667      2.6666667     7.80000000     4.13333333      6.4000000     4.66666667      5.2000000      7.4000000          34         49           56        94/08         0           2           2           7           0          5         0        11          5    0    1    0    0    0    0    1    0    0    0    0    0    0    0    0    0    0
    75     1 2sX2pR    382          1          23         4          2          1         3 1.0833333     3.53333333     4.40000000      2.6000000     4.20000000     4.33333333      4.5333333     2.60000000      2.6000000      3.0666667          56         68           69        94/08         1           1           5           1           0          1         0         8          1    0    1    0    0    1    0    0    0    0    0    0    0    0    0    0    0    0
    75     2 2sX2pR    276          7          15         2          0          1         1 1.0000000     1.53333333     2.80000000      1.5333333     2.93333333     1.40000000      1.4000000     1.33333333      1.4666667      1.6666667          91        106          113        94/09         1           8           1           1           0          3         2        11          5    0    0    1    1    0    0    0    0    0    0    0    0    0    0    0    0    0
    76     1  1sX1p    571          2          19        10          0          3         7 1.2500000     3.53333333     2.80000000      2.6000000     4.20000000     4.33333333      4.5333333     2.46666667      2.4666667      3.0666667          56         70           70        94/08         1           8           0           1           0          0         0        10          0    0    1    0    0    0    0    0    0    0    0    0    0    0    0    0    0    0
    77     1 2sX1pN    150          0          18         0          0          0         0 0.9000000     1.80000000     1.80000000      6.0000000     2.33333333     2.20000000      2.5333333     2.46666667      1.3333333      1.6666667          75         98          104        94/09         0           6           1          10           0          4         0        17          4    0    1    0    0    0    0    0    0    0    0    0    0    0    0    0    0    0
    77     2 2sX1pN    150          2          16         0          0          0         0 0.5000000     0.53333333     0.53333333      1.2666667     2.33333333     2.20000000      2.5333333     1.60000000      1.4000000      1.6000000          75        104          104        94/09         0          21           0           0           0          0         0        21          0    0    0    0    1    0    0    0    0    0    0    0    0    0    0    0    0    0
    78     1  1sX1p     26          1           2         0          0          0         0 0.2500000     0.20000000     1.20000000      5.0000000     0.80000000     0.93333333      2.2000000     0.53333333      0.6666667      2.4000000         110        112          112        94/10         0           0           0           2           0          0         0         2          0    0    1    0    0    0    0    0    0    0    0    0    0    0    0    0    0    0
    79     1  1sX2p    249          2           9         5          2          1         4 0.8333333     0.66666667     0.66666667      7.0000000     0.13333333     0.40000000      5.8000000     0.13333333      0.4666667      5.8666667         173        174          235        94/12         0           0           1           0           0          1        42         1         43    0    1    0    0    0    1    0    0    0    0    0    0    0    0    0    0    0
    80     1 2sX1pN    486          1           9         1          0          0         1 0.8333333     0.53333333     0.53333333      7.2666667     1.06666667     1.00000000      6.2666667     1.53333333      1.4666667      6.9333333         183        193          222        94/12         0           2           4           0           0         13         8         6         21    0    1    0    0    0    0    0    0    0    0    0    0    0    0    0    0    0
    80     2 2sX1pN    486          0           6         3          0          0         3 0.5333333     0.53333333     1.53333333      2.0000000     1.06666667     1.00000000      6.2666667     0.53333333      2.4666667      7.0000000         183        209          222        94/12         0          18           0           0           0          1         8        18          9    0    0    0    0    0    1    0    0    0    0    0    0    0    0    0    0    0
    81     1 2sX1pN     95          3           4         1          3          1         0 0.3333333     0.53333333     0.53333333      0.0000000     3.86666667     2.00000000      2.6666667     1.53333333      0.4666667      2.0000000         253        267          301        95/03         3           7           0           0           0         17         7        10         24    0    0    1    0    0    0    0    0    0    0    0    0    0    0    0    0    0
    81     2 2sX1pN     95          2           1         1          1          0         1 0.2833333     1.46666667     1.46666667      0.0000000     3.86666667     2.00000000      2.6666667     1.60000000      2.4000000      2.8666667         253        281          301        95/03         3          13           0           4           0         14         0        20         14    0    0    0    0    0    0    0    0    0    1    0    0    0    0    0    0    0
    82     1  1sX2p    234          1           5         1          0          1         0 0.5833333     1.73333333     3.53333333      2.5333333     1.86666667     3.06666667      3.9333333     1.86666667      2.2000000      8.8000000         287        312          319        95/04         2           0          15           0           0          5         0        17          5    0    0    0    0    1    0    1    0    0    0    0    0    0    0    0    0    0
    83     1 2sX1pR    389          0           3         0          0          0         0 0.7500000     2.40000000     2.40000000      0.0000000     2.46666667     1.40000000      0.4000000     4.20000000      2.2666667      2.7333333          13         21           22        94/07         3           2           0           1           0          1         0         6          1    0    0    0    0    1    0    0    0    0    0    0    0    0    0    0    0    0
    83     2 2sX1pR    390          5           3         0          2          0         0 0.9166667     1.00000000     1.00000000      0.0000000     4.46666667     2.53333333      3.2666667     4.66666667      5.2000000      7.4000000          22         49           63        94/07         1          18           0           0           0          9         1        19         10    0    0    0    0    0    0    0    0    0    0    0    0    0    1    0    0    0
    84     1  1sX2p    323          6           5         3          1          3         0 1.3333333     3.86666667     2.73333333      1.5333333     2.46666667     1.40000000      0.4000000     7.26666667      4.0000000      6.2000000          13         41           56        94/07         5          13           2           0           0         10         1        20         11    0    0    0    1    0    0    0    0    0    0    0    0    1    0    0    0    0
    85     1  1sX1p    251          4           0         0          0          0         0 0.2500000     2.13333333     1.60000000      2.0000000     4.20000000     4.33333333      4.5333333     3.53333333      2.6000000      2.2666667          56         64          104        94/08         1           5           0           0           0         28         0         6         28    0    0    0    1    0    0    0    0    0    0    0    0    0    0    0    0    0
    86     1 2sX2pR    227          0           4         1          0          0         1 0.6666667     0.53333333     0.93333333      0.4000000     0.53333333     0.00000000      4.1333333     0.53333333      0.4666667      3.0000000         140        151          160        94/11         1           1           5           0           0          7         0         7          7    0    0    1    0    0    0    1    0    0    0    0    0    0    0    0    0    0
    86     2 2sX2pR    377          2          18         2          0          0         2 1.3333333     0.53333333     0.53333333      9.3333333     0.53333333     0.46666667      3.0666667     0.66666667      0.6000000      3.0000000         161        173          207        94/12         0           7           1           0           0         24         0         8         24    0    1    0    0    1    0    0    0    0    0    0    0    0    0    0    0    0
    87     1  1sX1p     64          1           0         0          0          0         0 0.3333333     0.53333333     0.53333333      9.4000000     1.13333333     1.06666667      1.7333333     3.46666667      1.0666667      2.1333333         208        259          259        95/01         1           0           0          36           0          0         0        37          0    0    1    0    0    0    0    0    0    0    0    0    0    0    0    0    0    0
    88     1 2sX1pN    284          0           7         2          0          2         0 0.8333333     0.53333333     0.53333333      0.0000000     3.13333333     1.06666667      7.3333333     4.26666667      3.1333333      3.0666667         229        237          246        95/02         1           3           1           1           0          7         0         6          7    0    0    1    0    0    0    0    0    0    0    0    0    0    0    0    0    0
    88     2 2sX1pN    284          2           5         1          0          0         1 1.4166667     2.66666667     0.60000000     11.2666667     3.13333333     1.06666667      7.3333333     4.26666667      3.1333333      3.0666667         229        237          246        95/02         1           3           2           0           0          7         0         6          7    0    0    0    0    1    0    0    0    0    0    0    0    0    0    0    0    0
